doc_id,anger,anticipation,disgust,fear,joy,negative,positive,sadness,surprise,trust
text1,0,0,0,0,0,0,0,0,0,0
text2,0,0,0,0,0,0,0,0,0,0
text3,1,1,0,0,1,1,1,1,1,1
text4,1,3,0,0,1,0,3,0,1,1
text5,0,0,0,0,0,0,0,0,0,0
text6,0,0,0,0,0,0,1,0,0,1
text7,1,1,0,0,1,1,1,1,1,1
text8,1,1,0,0,1,0,1,0,1,1
text9,0,0,0,0,0,0,0,0,0,0
text10,0,0,0,0,0,0,0,0,0,0
text11,1,2,0,0,2,1,2,1,2,2
text12,0,0,0,0,0,0,0,0,0,0
text13,1,2,0,0,2,1,2,1,2,2
text14,0,0,0,0,0,0,0,0,0,0
text15,0,0,0,0,0,0,1,0,0,1
text16,0,0,0,0,0,0,0,0,0,0
text17,0,0,0,0,0,0,0,0,0,0
text18,0,0,0,0,0,0,0,0,0,0
text19,0,0,0,0,0,0,0,0,0,0
text20,0,0,0,0,0,0,0,0,0,0
text21,0,0,0,0,0,0,0,0,0,0
text22,0,0,0,0,0,0,0,0,0,0
text23,3,3,0,0,3,1,3,1,3,3
text24,0,0,0,0,0,0,0,0,0,0
text25,0,0,0,0,0,0,0,0,0,0
text26,0,0,0,0,0,0,0,0,0,0
text27,0,0,0,0,0,0,0,0,0,0
text28,0,0,0,0,0,0,0,0,0,1
text29,0,0,0,0,0,0,0,0,0,0
text30,0,0,0,0,0,0,0,0,0,0
text31,0,0,0,0,0,0,0,0,0,0
text32,1,0,1,1,0,1,1,1,1,1
text33,0,0,0,0,0,0,0,0,0,0
text34,0,0,0,0,0,0,0,0,0,0
text35,0,0,0,0,0,0,0,0,0,0
text36,0,0,0,0,0,0,0,0,0,0
text37,0,0,0,0,0,0,0,0,0,0
text38,1,1,0,0,1,1,1,1,1,1
text39,0,0,0,0,0,0,0,0,0,0
text40,0,0,0,0,0,0,1,0,0,1
text41,0,0,0,0,0,0,0,0,0,0
text42,0,0,0,0,0,0,0,0,0,0
text43,0,0,0,0,0,0,0,0,0,0
text44,0,0,0,0,0,0,0,0,0,0
text45,0,0,0,0,0,0,0,0,0,0
text46,0,0,0,0,0,0,0,0,0,0
text47,0,0,0,0,0,0,0,0,0,1
text48,0,0,0,0,0,0,0,0,0,0
text49,0,0,0,0,0,0,0,0,0,0
text50,0,0,0,0,0,0,0,0,0,0
text51,0,0,0,0,0,0,0,0,0,0
text52,0,0,0,0,0,0,0,0,0,0
text53,2,2,0,0,2,2,2,2,2,2
text54,0,0,0,0,0,0,0,0,0,0
text55,0,0,0,0,0,0,0,0,0,0
text56,0,0,0,0,0,0,0,0,0,0
text57,0,0,0,0,0,0,0,0,0,0
text58,0,0,0,0,0,0,0,0,0,0
text59,1,1,0,0,1,1,2,1,1,2
text60,0,0,0,0,0,0,0,0,0,0
text61,0,0,0,0,0,0,0,0,0,0
text62,0,0,0,0,0,0,0,0,0,0
text63,1,1,0,0,1,0,1,0,1,1
text64,0,0,0,0,0,0,0,0,0,0
text65,1,1,0,0,1,1,1,1,1,1
text66,2,2,0,0,2,2,3,2,2,3
text67,0,0,0,0,0,0,0,0,0,0
text68,4,3,2,2,2,4,3,4,4,2
text69,0,0,0,0,0,0,0,0,0,0
text70,0,1,0,0,1,0,1,0,1,1
text71,0,0,0,0,0,0,0,0,0,0
text72,0,0,0,0,0,0,0,0,0,0
text73,0,0,0,0,0,0,0,0,0,0
text74,0,1,0,0,1,0,1,0,1,1
text75,0,0,0,0,0,0,0,0,0,0
text76,0,0,0,0,0,0,0,0,0,0
text77,0,0,0,0,0,0,0,0,0,0
text78,0,0,0,0,0,0,1,0,1,1
text79,0,0,0,0,0,0,0,0,0,0
text80,0,0,0,0,0,0,0,0,0,0
text81,0,0,0,0,0,0,0,0,0,0
text82,0,1,0,0,0,0,1,0,0,1
text83,0,0,0,0,0,0,0,0,0,0
text84,2,2,0,0,2,0,2,0,2,2
text85,0,0,0,0,0,0,0,0,0,0
text86,0,0,0,0,0,0,0,0,0,0
text87,0,0,0,0,0,0,1,0,0,1
text88,0,0,0,0,0,0,0,0,0,0
text89,0,0,0,0,0,0,0,0,0,0
text90,0,0,0,0,0,0,0,0,0,0
text91,1,1,0,0,1,1,1,1,1,1
text92,0,0,0,0,0,0,0,0,0,0
text93,0,0,0,0,0,0,0,0,0,0
text94,0,1,0,0,0,0,1,0,1,0
text95,0,0,0,0,0,0,0,0,0,0
text96,0,0,0,0,0,0,0,0,0,0
text97,0,0,0,0,0,0,0,0,0,0
text98,0,0,0,0,0,0,0,0,0,0
text99,0,0,0,0,0,0,0,0,0,0
text100,0,0,0,0,0,0,0,0,0,0
text101,1,1,0,0,1,1,1,1,1,1
text102,0,0,0,0,0,0,0,0,0,0
text103,1,0,1,1,0,1,1,1,1,1
text104,0,0,0,0,0,0,0,0,0,0
text105,0,0,0,0,0,0,0,0,0,0
text106,0,0,0,0,0,0,0,0,0,0
text107,0,0,0,0,0,0,0,0,0,0
text108,0,1,0,0,1,0,1,0,1,1
text109,0,0,0,0,0,0,0,0,0,0
text110,1,1,0,0,1,1,1,1,1,1
text111,0,0,0,0,0,0,0,0,0,0
text112,0,0,0,0,0,0,0,0,0,0
text113,0,0,0,0,0,0,0,0,0,0
text114,0,0,0,0,0,0,1,0,0,1
text115,2,0,2,2,0,2,0,2,2,0
text116,0,0,0,0,0,0,0,0,0,0
text117,0,0,0,0,0,0,0,0,0,0
text118,0,0,0,0,0,0,0,0,0,0
text119,0,0,0,0,0,0,1,0,0,1
text120,0,0,0,0,0,0,0,0,0,0
text121,0,0,0,0,0,0,0,0,0,0
text122,0,0,0,0,0,0,0,0,0,0
text123,0,0,0,0,0,0,0,0,0,0
text124,0,0,0,0,0,0,0,0,0,0
text125,0,0,0,0,0,0,0,0,0,0
text126,0,0,0,0,0,0,0,0,0,0
text127,0,0,0,0,0,0,0,0,0,0
text128,0,0,0,0,0,0,0,0,1,0
text129,0,0,0,0,0,0,0,0,0,0
text130,0,0,0,0,0,0,0,0,0,0
text131,0,0,0,0,0,0,0,0,0,0
text132,0,0,0,0,0,0,0,0,0,0
text133,0,0,0,0,0,0,0,0,0,0
text134,0,0,0,0,0,0,0,0,0,0
text135,0,0,0,0,0,0,0,0,0,0
text136,0,0,0,0,0,0,0,0,0,0
text137,0,0,0,0,0,0,0,0,0,0
text138,0,0,0,0,0,0,0,0,0,0
text139,0,1,0,0,1,0,1,0,1,1
text140,0,0,0,0,0,0,0,0,0,0
text141,0,0,0,0,0,0,0,0,0,0
text142,0,0,0,0,0,0,2,0,0,3
text143,0,0,0,0,0,0,0,0,1,0
text144,0,0,0,0,0,0,0,0,0,0
text145,1,1,0,0,1,1,1,1,1,1
text146,0,0,0,0,0,0,0,0,0,0
text147,0,0,0,0,0,0,0,0,0,0
text148,0,0,0,0,0,0,0,0,0,0
text149,0,0,0,0,0,0,0,0,0,0
text150,0,0,0,0,0,0,0,0,1,0
text151,0,0,0,0,0,0,0,0,0,0
text152,0,0,0,0,0,0,0,0,0,0
text153,0,1,0,0,0,0,1,0,0,0
text154,1,1,0,0,1,1,1,1,1,1
text155,0,1,0,0,1,0,1,0,1,1
text156,0,0,0,0,0,0,0,0,0,0
text157,0,0,0,0,0,0,0,0,1,0
text158,1,1,0,0,1,0,1,0,2,1
text159,0,0,0,0,0,0,0,0,0,0
text160,0,0,0,0,0,0,0,0,0,0
text161,1,1,0,0,1,1,1,1,1,2
text162,0,0,0,0,0,0,0,0,0,0
text163,0,0,0,0,0,0,0,0,0,0
text164,0,0,0,0,0,0,0,0,0,0
text165,1,1,0,0,1,1,1,1,2,1
text166,0,0,0,0,0,0,0,0,1,0
text167,0,0,0,0,0,0,0,0,0,0
text168,0,0,0,0,0,0,0,0,0,0
text169,0,0,0,0,0,0,1,0,0,1
text170,0,0,0,0,0,0,0,0,0,0
text171,0,0,0,0,0,0,0,0,0,0
text172,0,0,0,0,0,0,0,0,0,1
text173,1,1,0,0,1,1,1,1,1,1
text174,0,0,0,0,0,0,0,0,0,0
text175,0,0,0,0,0,0,0,0,0,0
text176,0,0,0,0,0,0,0,0,0,0
text177,0,0,0,0,0,0,0,0,0,0
text178,0,0,0,0,0,0,0,0,0,0
text179,0,0,0,0,0,0,0,0,0,0
text180,0,0,0,0,0,0,0,0,0,0
text181,0,0,0,0,0,0,0,0,0,0
text182,0,0,0,0,0,0,0,0,0,0
text183,0,0,0,0,0,0,0,0,0,0
text184,0,0,0,0,0,0,0,0,0,0
text185,0,0,0,0,0,0,0,0,1,0
text186,1,1,0,0,1,1,1,1,1,1
text187,1,1,0,0,1,1,1,1,1,1
text188,0,0,0,0,0,0,0,0,0,0
text189,1,2,0,0,2,1,2,1,2,2
text190,0,0,0,0,0,0,0,0,0,1
text191,0,0,0,0,0,0,0,0,1,0
text192,0,0,0,0,0,0,0,0,0,0
text193,0,0,0,0,0,0,0,0,0,0
text194,1,0,1,1,0,1,1,1,1,1
text195,0,0,0,0,0,0,0,0,0,1
text196,0,0,0,0,0,0,0,0,0,1
text197,0,0,0,0,0,0,0,0,0,0
text198,0,0,0,0,0,0,0,0,0,0
text199,0,0,0,0,0,0,0,0,0,0
text200,0,0,0,0,0,0,0,0,0,0
text201,1,2,0,0,2,1,3,1,2,3
text202,0,0,0,0,0,0,0,0,0,0
text203,0,0,0,0,0,0,0,0,0,0
text204,2,1,1,1,1,2,1,2,2,1
text205,0,0,0,0,0,0,0,0,0,0
text206,0,0,0,0,0,0,0,0,0,0
text207,0,1,0,0,0,0,1,0,0,1
text208,0,0,0,0,0,0,0,0,0,0
text209,0,0,0,0,0,0,0,0,0,0
text210,0,0,0,0,0,0,0,0,0,0
text211,0,0,0,0,0,0,0,0,0,0
text212,0,0,0,0,0,0,0,0,0,0
text213,0,0,0,0,0,0,0,0,0,0
text214,0,0,0,0,0,0,0,0,0,0
text215,0,0,0,0,0,0,0,0,0,0
text216,0,0,0,0,0,0,0,0,0,0
text217,1,0,1,1,0,1,0,1,1,1
text218,0,0,0,0,0,0,0,0,0,0
text219,0,0,0,0,0,0,0,0,0,0
text220,0,0,0,0,0,0,0,0,0,0
text221,0,0,0,0,0,0,0,0,0,0
text222,1,1,0,0,1,1,1,1,1,2
text223,0,0,0,0,0,0,0,0,0,0
text224,0,0,0,0,0,0,0,0,0,0
text225,0,0,0,0,0,0,0,0,0,0
text226,0,0,0,0,0,0,0,0,0,0
text227,0,0,0,0,0,0,0,0,0,0
text228,0,1,0,0,0,0,1,0,0,1
text229,0,0,0,0,0,0,0,0,0,0
text230,0,0,0,0,0,0,0,0,0,0
text231,0,0,0,0,0,0,0,0,0,0
text232,0,0,0,0,0,0,0,0,0,0
text233,1,2,0,0,2,1,2,1,2,4
text234,0,0,0,0,0,0,0,0,0,0
text235,1,1,0,0,1,1,1,1,1,1
text236,0,0,0,0,0,0,0,0,0,1
text237,0,0,0,0,0,0,0,0,0,0
text238,0,0,0,0,0,0,0,0,0,1
text239,0,0,0,0,0,0,0,0,0,0
text240,0,0,0,0,0,0,0,0,0,0
text241,0,0,0,0,0,0,0,0,0,0
text242,0,0,0,0,0,0,0,0,0,0
text243,0,0,0,0,0,0,0,0,0,0
text244,0,0,0,0,0,0,0,0,0,0
text245,1,1,1,1,0,1,1,1,1,1
text246,0,0,0,0,0,0,0,0,0,0
text247,0,0,0,0,0,0,0,0,0,0
text248,0,0,0,0,0,0,0,0,0,0
text249,0,0,0,0,0,0,0,0,0,0
text250,0,0,0,0,0,0,0,0,0,0
text251,0,0,0,0,0,0,0,0,0,0
text252,0,0,0,0,0,0,0,0,0,0
text253,0,0,0,0,0,0,0,0,0,0
text254,0,0,0,0,0,0,0,0,0,0
text255,0,0,0,0,0,0,0,0,0,0
text256,0,0,0,0,0,0,1,0,0,1
text257,0,0,0,0,0,0,0,0,0,0
text258,0,0,0,0,0,0,0,0,0,0
text259,0,0,0,0,0,0,0,0,0,0
text260,0,0,0,0,0,0,0,0,0,0
text261,1,1,0,0,1,0,1,0,1,1
text262,0,1,0,0,1,0,1,0,1,1
text263,1,1,0,0,1,0,1,0,1,1
text264,0,0,0,0,0,0,0,0,0,0
text265,0,0,0,0,0,0,0,0,0,1
text266,0,0,0,0,0,0,0,0,0,0
text267,0,0,0,0,0,0,0,0,0,0
text268,0,0,0,0,0,0,0,0,0,0
text269,0,0,0,0,0,0,0,0,0,0
text270,1,1,0,0,1,1,3,1,1,3
text271,0,0,0,0,0,0,0,0,0,0
text272,0,1,0,0,0,0,1,0,0,0
text273,1,0,1,1,0,1,0,1,1,0
text274,0,0,0,0,0,0,1,0,1,1
text275,0,0,0,0,0,0,0,0,0,0
text276,1,1,0,0,1,1,1,1,1,1
text277,0,0,0,0,0,0,0,0,0,0
text278,0,0,0,0,0,0,0,0,0,0
text279,0,0,0,0,0,0,0,0,0,0
text280,0,0,0,0,0,0,0,0,0,0
text281,0,0,0,0,0,0,0,0,0,0
text282,0,0,0,0,0,0,0,0,0,0
text283,0,0,0,0,0,0,0,0,0,0
text284,0,1,0,0,0,0,1,0,0,0
text285,0,1,0,0,1,0,2,0,1,2
text286,0,0,0,0,0,0,0,0,0,0
text287,0,0,0,0,0,0,0,0,0,0
text288,0,0,0,0,0,0,0,0,0,0
text289,0,0,0,0,0,0,0,0,0,0
text290,0,0,0,0,0,0,0,0,0,0
text291,0,1,0,0,1,0,1,0,1,1
text292,0,0,0,0,0,0,0,0,0,0
text293,0,0,0,0,0,0,0,0,0,0
text294,0,0,0,0,0,0,0,0,0,0
text295,0,0,0,0,0,0,0,0,0,0
text296,0,0,0,0,0,0,0,0,0,0
text297,0,0,0,0,0,0,1,0,0,1
text298,1,1,0,0,1,1,1,1,1,1
text299,0,1,0,0,1,0,1,0,1,1
text300,0,0,0,0,0,0,0,0,0,0
text301,0,0,0,0,0,0,0,0,0,0
text302,0,0,0,0,0,0,0,0,0,0
text303,0,0,0,0,0,0,0,0,0,0
text304,0,0,0,0,0,0,0,0,0,0
text305,0,0,0,0,0,0,0,0,0,0
text306,0,0,0,0,0,0,0,0,0,0
text307,0,0,0,0,0,0,0,0,0,0
text308,0,1,0,0,1,0,1,0,1,1
text309,0,0,0,0,0,0,0,0,0,0
text310,0,0,0,0,0,0,0,0,0,0
text311,0,0,0,0,0,0,0,0,0,0
text312,0,0,0,0,0,0,0,0,0,0
text313,0,0,0,0,0,0,0,0,0,0
text314,0,0,0,0,0,0,0,0,0,0
text315,2,1,1,1,1,2,1,2,2,1
text316,0,0,0,0,0,0,0,0,0,0
text317,1,1,0,0,1,0,1,0,1,1
text318,0,0,0,0,0,0,0,0,0,0
text319,1,1,0,0,1,1,1,1,1,1
text320,1,2,0,0,2,1,2,1,2,2
text321,0,0,0,0,0,0,0,0,0,0
text322,0,0,0,0,0,0,0,0,0,0
text323,0,0,0,0,0,0,0,0,0,0
text324,0,0,0,0,0,0,0,0,0,0
text325,0,0,0,0,0,0,0,0,0,0
text326,0,0,0,0,0,0,0,0,0,0
text327,0,0,0,0,0,0,0,0,0,0
text328,0,0,0,0,0,0,0,0,0,0
text329,0,0,0,0,0,0,0,0,0,0
text330,0,0,0,0,0,0,0,0,0,0
text331,0,0,0,0,0,0,0,0,0,0
text332,0,0,0,0,0,0,0,0,0,0
text333,0,1,0,0,1,0,1,0,1,1
text334,0,0,0,0,0,0,0,0,0,0
text335,0,1,0,0,1,0,1,0,1,1
text336,0,0,0,0,0,0,0,0,1,0
text337,0,0,0,0,0,0,0,0,0,0
text338,0,0,0,0,0,0,0,0,0,0
text339,0,0,0,0,0,0,0,0,0,0
text340,0,0,0,0,0,0,0,0,0,0
text341,0,0,0,0,0,0,0,0,0,0
text342,0,0,0,0,0,0,0,0,0,0
text343,1,1,0,0,1,1,1,1,1,1
text344,0,0,0,0,0,0,0,0,0,0
text345,1,1,0,0,1,1,1,1,1,1
text346,0,0,0,0,0,0,0,0,1,0
text347,0,0,0,0,0,0,0,0,0,0
text348,0,0,0,0,0,0,0,0,0,0
text349,0,1,0,0,1,0,1,0,1,1
text350,0,0,0,0,0,0,0,0,0,0
text351,1,1,0,0,1,1,1,1,1,1
text352,0,0,0,0,0,0,0,0,0,0
text353,0,0,0,0,0,0,0,0,0,0
text354,0,0,0,0,0,0,0,0,0,0
text355,0,0,0,0,0,0,0,0,0,0
text356,0,0,0,0,0,0,0,0,0,0
text357,0,0,0,0,0,0,0,0,0,0
text358,1,1,0,0,1,1,1,1,1,1
text359,1,1,0,0,1,1,1,1,1,1
text360,0,0,0,0,0,0,0,0,0,0
text361,0,0,0,0,0,0,0,0,0,0
text362,0,0,0,0,0,0,0,0,0,0
text363,0,1,0,0,1,0,1,0,1,1
text364,0,0,0,0,0,0,0,0,0,0
text365,0,0,0,0,0,0,0,0,0,0
text366,0,0,0,0,0,0,0,0,0,0
text367,0,0,0,0,0,0,0,0,0,0
text368,0,0,0,0,0,0,0,0,0,0
text369,0,0,0,0,0,0,0,0,0,0
text370,0,0,0,0,0,0,0,0,0,0
text371,0,0,0,0,0,0,0,0,0,1
text372,0,0,0,0,0,0,0,0,0,0
text373,0,0,0,0,0,0,0,0,0,0
text374,0,0,0,0,0,0,0,0,0,0
text375,0,0,0,0,0,0,0,0,0,0
text376,0,0,0,0,0,0,0,0,0,0
text377,0,0,0,0,0,0,0,0,0,0
text378,0,0,0,0,0,0,0,0,0,1
text379,0,0,0,0,0,0,0,0,0,0
text380,0,1,0,0,0,0,1,0,0,2
text381,0,0,0,0,0,0,0,0,0,3
text382,0,1,0,0,0,0,1,0,0,1
text383,0,0,0,0,0,0,0,0,0,0
text384,2,1,2,2,0,2,1,2,2,3
text385,0,0,0,0,0,0,0,0,0,0
text386,1,0,1,1,0,1,0,1,1,2
text387,0,0,0,0,0,0,0,0,0,0
text388,0,0,0,0,0,0,0,0,0,0
text389,0,0,0,0,0,0,0,0,0,0
text390,0,0,0,0,0,0,0,0,0,0
text391,0,0,0,0,0,0,0,0,0,0
text392,0,0,0,0,0,0,0,0,0,0
text393,1,2,0,0,1,0,2,0,1,1
text394,0,0,0,0,0,0,0,0,0,1
text395,0,1,0,0,0,0,1,0,0,1
text396,0,0,0,0,0,0,0,0,0,0
text397,0,0,0,0,0,0,0,0,0,0
text398,0,1,0,0,0,0,1,0,0,3
text399,0,1,0,0,0,0,1,0,0,1
text400,0,1,0,0,0,0,1,0,0,1
text401,0,1,0,0,0,0,1,0,0,2
text402,2,1,1,1,1,1,1,1,2,2
text403,0,1,0,0,0,0,1,0,0,2
text404,0,0,0,0,0,0,0,0,0,1
text405,0,1,0,0,0,0,1,0,0,2
text406,0,0,0,0,0,0,0,0,0,0
text407,0,0,0,0,0,0,0,0,0,0
text408,0,1,0,0,0,0,1,0,0,2
text409,0,1,0,0,0,0,1,0,0,1
text410,1,1,0,0,1,0,1,0,1,3
text411,1,2,0,0,2,1,2,1,2,2
text412,0,4,0,0,0,0,4,0,0,3
text413,0,2,0,0,0,0,2,0,0,2
text414,0,0,0,0,0,0,0,0,0,0
text415,0,0,0,0,0,0,0,0,0,1
text416,0,0,0,0,0,0,0,0,0,0
text417,0,1,0,0,0,0,1,0,0,2
text418,1,2,0,0,1,1,2,1,1,1
text419,0,0,0,0,0,0,0,0,0,0
text420,0,1,0,0,0,0,1,0,0,0
text421,0,0,0,0,0,0,0,0,0,0
text422,0,2,0,0,0,0,2,0,0,1
text423,0,0,0,0,0,0,0,0,0,0
text424,0,0,0,0,0,0,0,0,0,0
text425,0,0,0,0,0,0,0,0,0,0
text426,0,0,0,0,0,0,0,0,0,0
text427,0,0,0,0,0,0,0,0,0,0
text428,0,0,0,0,0,0,0,0,0,0
text429,0,0,0,0,0,0,0,0,0,0
text430,0,0,0,0,0,0,0,0,0,0
text431,0,0,0,0,0,0,0,0,0,0
text432,0,0,0,0,0,0,0,0,0,0
text433,0,0,0,0,0,0,0,0,0,0
text434,0,0,0,0,0,0,0,0,0,0
text435,0,0,0,0,0,0,0,0,0,0
text436,1,0,1,1,0,1,0,1,1,1
text437,0,0,0,0,0,0,1,0,0,1
text438,1,1,0,0,1,1,1,1,1,1
text439,0,0,0,0,0,0,0,0,0,0
text440,0,1,0,0,1,0,2,0,1,2
text441,0,0,0,0,0,0,0,0,0,0
text442,0,0,0,0,0,0,0,0,0,0
text443,0,0,0,0,0,0,0,0,0,0
text444,0,0,0,0,0,0,0,0,0,0
text445,0,1,0,0,1,0,3,0,1,3
text446,0,0,0,0,0,0,0,0,0,1
text447,0,0,0,0,0,0,0,0,0,0
text448,0,0,0,0,0,0,0,0,0,0
text449,0,0,0,0,0,0,0,0,0,0
text450,0,0,0,0,0,0,0,0,0,0
text451,0,0,0,0,0,0,0,0,0,0
text452,0,0,0,0,0,0,0,0,0,0
text453,1,1,0,0,1,1,1,1,1,1
text454,0,0,0,0,0,0,0,0,0,0
text455,1,0,1,1,0,1,0,1,1,0
text456,0,0,0,0,0,0,0,0,0,0
text457,0,0,0,0,0,0,0,0,0,0
text458,0,0,0,0,0,0,0,0,0,0
text459,0,0,0,0,0,0,0,0,0,0
text460,1,1,0,0,1,0,1,0,1,1
text461,0,0,0,0,0,0,0,0,0,0
text462,0,0,0,0,0,0,0,0,0,0
text463,0,0,0,0,0,0,0,0,0,0
text464,0,0,0,0,0,0,0,0,2,0
text465,0,0,0,0,0,0,0,0,0,0
text466,0,0,0,0,0,0,0,0,0,0
text467,0,0,0,0,0,0,0,0,0,0
text468,2,2,0,0,2,2,2,2,2,2
text469,1,1,0,0,1,0,1,0,1,1
text470,0,0,0,0,0,0,0,0,0,0
text471,0,0,0,0,0,0,0,0,0,0
text472,0,0,0,0,0,0,0,0,0,0
text473,0,0,0,0,0,0,0,0,0,0
text474,0,0,0,0,0,0,0,0,0,0
text475,0,0,0,0,0,0,0,0,0,1
text476,1,1,0,0,1,1,1,1,1,1
text477,1,1,0,0,1,1,1,1,1,2
text478,0,0,0,0,0,0,0,0,0,0
text479,0,0,0,0,0,0,2,0,0,2
text480,1,1,0,0,1,1,1,1,2,1
text481,0,0,0,0,0,0,1,0,0,1
text482,0,0,0,0,0,0,0,0,0,0
text483,0,0,0,0,0,0,0,0,0,0
text484,0,0,0,0,0,0,0,0,0,0
text485,0,0,0,0,0,0,0,0,0,0
text486,1,1,0,0,1,1,1,1,2,1
text487,1,1,0,0,1,1,1,1,1,1
text488,0,0,0,0,0,0,0,0,1,0
text489,2,2,0,0,2,2,2,2,2,2
text490,0,0,0,0,0,0,0,0,0,0
text491,1,1,0,0,1,1,1,1,1,1
text492,1,1,0,0,1,1,1,1,1,1
text493,1,1,0,0,1,1,1,1,1,1
text494,0,0,0,0,0,0,0,0,0,0
text495,0,0,0,0,0,0,0,0,0,0
text496,0,0,0,0,0,0,0,0,0,0
text497,0,0,0,0,0,0,1,0,0,1
