doc_id,anger,anticipation,disgust,fear,joy,negative,positive,sadness,surprise,trust
text1,0,0,0,0,0,1,1,0,0,0
text2,0,0,0,0,0,0,1,0,0,0
text3,1,2,0,0,2,1,4,1,2,1
text4,0,0,0,0,0,0,0,0,0,0
text5,1,1,0,0,1,1,2,1,1,1
text6,1,1,0,0,1,1,1,1,1,1
text7,0,0,0,0,0,1,0,1,0,0
text8,0,0,0,0,0,0,0,0,0,0
text9,0,0,0,0,0,0,0,0,0,0
text10,0,0,0,0,0,1,0,1,0,1
text11,0,0,0,0,0,0,0,0,0,0
text12,0,0,0,0,1,0,1,0,0,1
text13,0,0,0,0,0,0,0,0,0,0
text14,0,0,0,0,0,0,0,0,0,0
text15,1,2,0,0,2,1,2,1,1,2
text16,0,0,0,0,0,0,0,0,0,0
text17,0,1,0,0,0,1,0,0,0,0
text18,0,0,0,0,0,0,0,0,0,0
text19,0,1,0,0,0,1,2,0,1,2
text20,0,0,0,0,0,0,0,0,0,0
text21,0,0,0,0,0,0,0,0,0,0
text22,0,0,0,0,0,0,0,0,0,0
text23,0,0,0,0,0,0,1,0,0,0
text24,0,0,0,0,0,0,0,0,0,0
text25,0,0,0,0,0,0,0,0,0,0
text26,0,0,0,0,0,1,0,1,0,0
text27,0,0,0,0,0,0,1,0,0,1
text28,0,0,0,0,0,0,0,0,0,0
text29,0,1,0,0,1,1,2,1,0,2
text30,0,0,0,0,0,0,0,0,0,0
text31,1,0,0,1,0,1,0,1,1,1
text32,0,0,0,0,0,0,0,0,0,0
text33,0,0,0,0,1,1,1,0,0,1
text34,0,0,0,0,0,0,0,0,0,0
text35,0,0,0,0,0,0,0,0,0,0
text36,0,0,0,0,0,2,0,2,0,0
text37,0,0,0,0,0,0,1,0,0,1
text38,0,0,0,0,0,0,1,0,0,0
text39,0,0,0,0,0,0,1,0,0,0
text40,0,0,0,0,0,0,0,0,0,0
text41,0,0,0,0,0,0,0,0,0,0
text42,0,0,0,0,0,0,0,0,0,0
text43,1,1,0,0,1,1,1,1,1,1
text44,0,0,0,0,0,0,1,0,0,0
text45,0,0,0,0,0,0,0,0,0,0
text46,0,0,0,0,0,0,0,0,0,0
text47,1,1,0,0,1,1,1,1,1,1
text48,0,0,0,0,0,0,1,0,0,0
text49,0,0,0,0,0,0,0,0,0,0
text50,0,0,0,0,0,0,0,0,0,0
text51,2,4,1,0,2,1,5,1,1,2
text52,1,1,0,0,1,1,2,0,0,0
text53,0,0,0,0,0,0,0,0,0,0
text54,0,0,0,0,0,0,0,0,0,0
text55,2,1,0,1,1,1,2,0,1,2
text56,0,0,0,1,0,1,1,1,0,1
text57,0,0,0,0,0,1,1,0,0,1
text58,0,0,0,0,0,0,0,0,0,0
text59,0,0,0,0,0,0,0,0,0,0
text60,0,0,0,0,0,0,0,0,0,0
text61,0,0,0,0,0,0,0,0,0,0
text62,0,0,0,0,0,3,1,1,0,0
text63,0,0,0,0,0,0,0,0,0,0
text64,0,0,0,0,0,0,0,0,0,0
text65,0,0,0,0,0,0,1,0,0,1
text66,1,1,0,0,1,1,3,1,1,3
text67,0,0,0,0,0,0,0,0,0,0
text68,2,2,0,0,2,2,2,2,2,2
text69,1,2,0,0,1,1,2,1,1,1
text70,0,0,0,0,0,0,1,0,0,1
text71,0,0,0,0,0,0,0,0,0,0
text72,0,0,0,0,0,0,0,0,0,0
text73,0,0,0,0,0,0,0,0,0,0
text74,4,2,0,0,2,4,2,2,2,2
text75,1,1,1,0,1,2,1,1,1,2
text76,1,1,0,0,1,1,1,1,1,1
text77,0,0,0,0,0,0,0,0,0,0
text78,0,0,0,0,1,0,2,0,0,2
text79,0,1,0,0,1,1,2,0,0,1
text80,1,1,0,0,1,1,1,1,1,2
text81,0,0,0,0,0,0,0,0,0,0
text82,0,0,0,0,0,0,0,0,0,0
text83,0,0,0,0,0,0,0,0,0,0
text84,0,0,0,0,0,2,0,2,0,0
text85,2,1,0,1,1,2,1,2,2,1
text86,1,1,0,0,1,1,1,1,1,2
text87,0,0,0,0,0,0,1,0,0,0
text88,1,1,0,0,1,1,1,1,1,1
text89,0,0,0,0,0,0,0,0,0,0
text90,1,2,0,0,1,1,2,1,1,2
text91,0,0,0,0,0,0,1,0,0,0
text92,0,0,0,0,0,0,0,0,0,0
text93,0,1,0,0,0,0,0,0,0,1
text94,0,2,0,0,2,0,2,0,0,2
text95,0,0,0,0,0,0,1,0,0,0
text96,0,0,0,0,1,0,2,0,0,1
text97,1,2,0,0,1,2,1,1,1,1
text98,1,2,0,0,2,1,2,1,1,2
text99,0,2,0,0,0,0,1,0,0,2
text100,0,0,0,0,0,0,0,0,0,0
text101,1,2,0,0,1,1,1,1,1,1
text102,0,0,0,0,0,0,0,0,0,0
text103,0,0,0,0,0,0,0,0,0,0
text104,0,0,0,0,0,0,0,0,0,0
text105,1,2,0,0,1,1,1,1,1,2
text106,1,0,0,0,0,1,0,0,0,0
text107,1,1,0,0,1,1,1,1,1,1
text108,0,1,0,0,2,0,2,0,1,1
text109,1,3,0,0,2,1,3,1,1,2
text110,1,2,0,0,2,2,2,2,1,2
text111,1,2,0,0,1,1,1,1,1,1
text112,0,0,0,0,0,0,0,0,0,0
text113,1,1,0,0,1,1,2,1,1,2
text114,1,1,1,0,0,1,0,0,0,0
text115,1,2,0,0,1,1,2,1,1,2
text116,1,2,0,0,1,1,2,1,1,2
text117,1,0,1,1,0,1,1,1,0,0
text118,3,3,1,1,2,3,3,4,2,2
text119,2,1,1,0,1,2,1,3,1,1
text120,1,2,0,0,1,1,1,1,1,1
text121,1,2,0,0,1,1,2,1,1,2
text122,0,0,0,0,0,0,0,0,0,0
text123,0,0,0,0,0,0,0,0,0,0
text124,1,2,0,0,1,1,1,1,1,1
text125,0,0,0,0,0,0,2,0,0,0
text126,0,0,0,0,0,0,0,0,0,0
text127,0,0,0,0,0,0,0,0,0,0
text128,0,0,0,0,0,0,0,0,0,0
text129,2,2,0,0,2,2,2,2,2,2
text130,0,1,0,0,0,1,0,0,0,0
text131,2,5,0,0,2,2,4,2,2,4
text132,1,1,0,0,1,1,1,1,1,1
text133,1,2,0,0,2,1,2,1,1,2
text134,1,3,0,0,1,1,1,1,1,1
text135,0,0,0,0,0,0,0,0,0,0
text136,0,0,0,0,0,0,0,0,0,0
text137,0,1,0,0,0,1,0,0,0,0
text138,0,0,0,0,0,0,0,0,0,0
text139,0,2,0,0,0,0,1,0,0,1
text140,5,3,1,1,2,5,3,4,3,2
text141,0,0,0,0,0,0,1,0,0,1
text142,0,0,0,0,0,0,0,0,0,0
text143,0,0,0,0,0,0,0,0,0,0
text144,0,0,0,1,0,1,0,1,0,0
text145,0,0,0,0,0,0,0,0,0,0
text146,0,0,0,0,0,0,0,0,0,0
text147,0,0,0,0,0,0,0,0,0,0
text148,1,1,0,0,1,1,1,1,1,1
text149,3,2,0,0,2,3,2,2,2,2
text150,0,0,0,0,0,0,1,0,0,1
text151,0,0,0,0,0,0,0,0,0,0
text152,0,0,0,0,0,0,0,0,0,0
text153,0,0,0,0,0,0,0,0,0,0
text154,0,0,0,0,0,0,0,0,0,0
text155,0,1,0,0,1,0,1,0,0,0
text156,0,2,0,0,2,0,2,0,2,2
text157,1,1,1,1,0,1,0,1,0,0
text158,0,0,0,0,0,0,2,0,0,3
text159,1,1,1,0,0,1,0,1,0,0
text160,1,1,0,0,1,1,1,1,1,1
text161,0,0,0,0,0,0,0,0,0,0
text162,0,0,0,0,1,0,1,0,0,1
text163,1,0,1,1,0,1,1,1,0,1
text164,0,1,0,0,0,0,0,0,0,0
text165,0,1,0,1,0,0,0,0,0,1
text166,0,0,0,0,0,0,0,0,0,0
text167,0,0,0,0,0,0,0,0,0,0
text168,0,0,0,0,0,0,0,0,0,0
text169,0,0,0,0,0,0,0,0,0,0
text170,0,0,0,0,0,0,0,0,0,1
text171,0,0,0,0,0,0,0,0,0,0
text172,0,0,0,0,0,0,0,0,0,0
text173,1,0,1,1,0,3,0,1,0,0
text174,1,0,0,0,0,1,1,0,0,1
text175,1,1,0,0,1,1,3,0,0,0
text176,0,0,0,0,0,1,1,0,0,1
text177,0,0,0,0,0,0,0,0,0,0
text178,1,0,0,0,0,1,0,0,0,0
text179,0,0,0,0,0,0,0,0,0,0
text180,1,1,1,1,1,1,3,1,1,1
text181,1,1,1,1,1,1,1,1,1,1
text182,0,0,0,0,0,0,0,0,0,0
text183,0,0,0,0,0,0,0,0,0,0
text184,0,0,0,0,0,0,2,0,0,2
text185,0,0,0,0,0,0,0,0,0,0
text186,0,1,0,0,1,0,1,0,1,1
text187,0,1,0,0,0,0,1,0,0,0
text188,0,0,0,0,0,0,0,0,1,0
text189,1,1,0,0,1,1,1,1,1,1
text190,0,0,0,0,0,0,0,0,0,0
text191,1,1,0,0,1,2,2,1,1,3
text192,1,2,0,0,2,1,2,1,1,1
text193,1,2,0,0,2,1,2,1,1,1
text194,0,0,0,0,0,0,0,0,0,0
text195,0,0,0,0,0,0,1,0,0,1
text196,0,0,0,0,0,0,0,0,0,1
text197,0,1,0,0,1,0,1,0,0,1
text198,0,0,0,0,0,0,0,0,0,0
text199,0,0,0,0,0,0,0,0,0,0
text200,0,0,0,0,0,0,0,0,0,0
text201,0,0,0,0,0,0,0,0,0,0
text202,0,0,0,0,0,0,0,0,0,0
text203,0,1,0,0,1,1,1,0,0,1
text204,1,1,0,0,1,1,1,1,1,1
text205,0,1,0,1,0,0,0,0,0,0
text206,1,1,0,0,1,1,1,1,1,1
text207,0,0,0,0,0,0,0,0,0,0
text208,0,0,0,0,0,0,0,0,0,0
text209,0,0,0,0,0,0,1,0,0,1
text210,0,0,0,0,0,0,0,0,0,0
text211,0,0,0,0,0,0,0,0,0,0
text212,0,1,0,0,0,0,2,0,0,1
text213,0,0,0,0,0,0,0,0,0,0
text214,0,0,0,0,0,0,0,0,0,0
text215,0,0,0,0,0,0,0,0,0,0
text216,0,0,0,0,0,0,0,0,0,0
text217,0,1,0,0,0,0,1,0,0,1
text218,1,1,0,0,1,1,1,1,1,1
text219,0,0,0,0,0,0,1,0,0,2
text220,1,2,0,0,1,1,2,1,1,3
text221,0,1,0,0,1,0,1,0,1,1
text222,0,0,0,0,0,0,1,0,0,1
text223,1,0,0,1,0,1,0,1,1,0
text224,0,0,0,0,1,0,1,0,0,0
text225,0,0,0,0,0,0,0,0,0,0
text226,0,0,0,0,0,0,0,0,0,0
text227,0,1,0,0,0,0,0,0,0,0
text228,1,3,0,0,1,2,2,1,1,2
text229,0,0,0,0,0,0,0,0,0,0
text230,1,1,0,0,1,1,1,1,1,1
text231,1,1,0,0,1,1,1,1,1,1
text232,1,3,0,0,1,1,2,1,1,2
text233,0,0,0,0,0,0,0,0,0,0
text234,0,0,0,0,0,0,1,0,0,0
text235,0,0,0,0,0,0,0,0,0,0
text236,0,0,0,0,0,0,0,0,0,0
text237,0,0,0,0,0,0,0,0,0,0
text238,0,1,0,0,1,0,1,0,1,1
text239,0,0,0,0,0,0,0,0,0,0
text240,0,0,0,0,0,0,0,0,0,0
text241,0,1,0,0,1,0,1,0,1,1
text242,0,0,0,0,0,0,0,0,0,0
text243,0,0,0,0,0,0,0,0,0,0
text244,0,1,0,0,1,0,1,0,0,2
text245,0,0,0,0,0,0,0,0,0,0
text246,1,1,0,1,0,0,3,0,0,3
text247,0,0,0,0,0,0,1,0,0,1
text248,0,0,0,0,0,0,0,0,0,0
text249,0,0,0,0,0,1,1,1,0,1
text250,0,0,0,0,0,0,0,0,0,0
text251,1,3,0,0,1,1,4,2,1,3
text252,0,0,0,0,0,0,0,0,0,0
text253,0,0,0,0,0,0,0,0,0,0
text254,0,0,0,0,0,0,0,0,0,0
text255,0,0,0,0,0,1,0,0,0,0
text256,0,1,0,0,1,0,1,0,0,2
text257,0,0,0,0,0,0,1,0,0,1
text258,1,2,0,1,0,0,5,0,0,5
text259,1,0,0,1,0,0,2,0,0,2
text260,0,0,0,0,0,0,0,0,0,0
text261,0,0,0,0,0,0,0,0,0,0
text262,0,0,0,0,0,0,0,0,0,0
text263,1,0,0,1,0,0,2,0,0,2
text264,1,1,0,0,1,1,1,1,1,1
text265,0,1,0,0,0,0,1,0,0,1
text266,1,0,0,1,0,0,2,0,0,2
text267,2,3,0,0,2,2,3,2,2,4
text268,0,2,0,0,1,0,4,0,0,5
text269,0,1,0,0,0,0,1,0,0,0
text270,0,2,0,1,2,1,2,1,2,1
text271,0,0,0,0,0,0,0,0,0,0
text272,0,0,0,0,0,0,0,0,0,0
text273,1,3,0,0,1,1,3,1,1,2
text274,1,1,0,0,1,1,1,1,1,1
text275,0,0,0,0,0,0,0,0,0,0
text276,1,3,0,0,1,1,2,1,1,2
text277,0,0,0,0,0,0,0,0,0,0
text278,0,0,0,0,0,0,0,0,0,0
text279,0,0,0,0,0,0,0,0,0,0
text280,0,0,0,0,0,0,0,0,0,0
text281,1,1,0,1,1,0,4,0,0,3
text282,2,3,0,0,2,2,4,2,2,4
text283,0,0,0,0,0,0,2,0,0,0
text284,0,0,0,0,0,0,0,0,0,0
text285,0,0,0,0,1,0,1,0,0,1
text286,0,0,0,0,0,0,0,0,0,0
text287,1,1,0,0,1,1,1,1,1,1
text288,1,1,0,0,1,1,2,1,1,2
text289,1,1,0,0,1,1,1,1,1,1
text290,2,4,0,0,3,3,3,2,3,3
text291,0,0,0,0,0,0,1,0,0,1
text292,0,0,0,0,0,0,0,0,0,0
text293,0,0,0,0,0,0,0,0,0,0
text294,0,0,0,0,0,0,0,0,0,1
text295,0,1,0,0,2,0,2,0,0,1
text296,0,0,0,0,0,0,0,0,0,0
text297,0,0,0,0,0,0,0,0,0,0
text298,0,0,0,0,0,0,0,0,0,0
text299,0,1,0,0,0,0,0,0,0,0
text300,0,0,0,0,0,0,0,0,0,0
text301,1,2,0,0,2,1,2,1,1,2
text302,0,0,0,0,0,0,0,0,0,1
text303,0,0,0,0,0,0,0,0,0,0
text304,2,2,0,0,2,2,2,2,2,2
text305,0,1,0,0,0,0,1,0,0,1
text306,1,1,0,0,1,1,1,1,1,1
text307,0,0,0,0,0,0,0,0,0,0
text308,1,1,0,0,1,1,2,1,1,2
text309,2,0,0,0,0,2,0,0,0,0
text310,0,0,0,0,0,0,0,0,0,0
text311,1,1,0,0,1,1,1,1,1,1
text312,0,0,0,0,0,0,0,0,0,0
text313,0,0,0,0,0,0,0,0,0,0
text314,0,0,0,0,0,0,0,0,0,0
text315,0,0,0,0,0,0,0,0,0,0
text316,1,2,0,0,1,2,1,1,1,1
text317,1,1,0,0,1,1,1,1,1,1
text318,0,0,0,0,0,0,0,0,0,1
text319,0,0,0,0,0,1,0,1,0,0
text320,0,0,0,0,0,0,0,0,0,0
text321,0,0,0,0,0,0,0,0,0,0
text322,0,0,0,0,0,0,0,0,0,0
text323,0,0,0,0,0,0,1,0,0,0
text324,1,2,0,0,1,1,1,1,1,2
text325,1,2,0,0,1,1,2,1,1,2
text326,1,1,0,0,1,1,1,1,1,1
text327,1,1,0,0,1,1,1,2,1,1
text328,0,1,0,0,1,0,1,0,0,1
text329,0,1,0,0,0,1,1,0,0,1
text330,0,0,0,0,0,0,0,0,0,0
text331,1,3,0,0,1,1,2,1,1,2
text332,0,0,0,0,0,0,0,0,0,0
text333,0,0,0,0,0,0,0,0,0,1
text334,0,0,0,0,0,0,1,0,0,0
text335,0,0,0,0,0,0,1,0,0,1
text336,0,2,0,0,0,1,2,0,0,2
text337,1,1,0,0,1,1,1,1,1,1
text338,0,0,0,0,0,0,0,0,0,0
text339,0,0,0,0,0,0,1,0,0,1
text340,0,0,0,0,0,0,0,0,0,0
text341,0,0,0,0,0,0,0,0,0,0
text342,0,0,0,0,0,0,1,0,0,1
text343,0,0,0,0,0,0,0,0,0,0
text344,0,1,0,0,0,0,2,0,0,2
text345,1,1,0,0,1,1,1,1,1,1
text346,0,0,0,0,0,0,1,0,0,1
text347,1,0,0,1,0,0,2,0,0,4
text348,0,1,0,0,0,0,2,0,0,2
text349,1,2,0,0,2,1,2,1,1,2
text350,0,0,0,0,0,0,0,0,1,0
text351,1,0,0,0,0,2,1,1,2,0
text352,1,1,0,0,1,1,2,1,1,2
text353,0,0,0,0,0,1,0,0,0,1
text354,2,1,1,0,1,2,1,1,1,1
text355,0,1,0,0,0,0,1,0,1,1
text356,2,4,0,0,3,2,5,2,2,5
text357,0,0,0,0,0,0,0,0,0,0
text358,0,0,0,0,0,0,0,0,0,0
text359,2,2,0,0,2,2,2,2,2,2
text360,0,0,0,0,0,0,0,0,0,0
text361,0,0,0,0,0,0,0,0,0,0
text362,3,3,0,0,3,3,3,3,3,3
text363,0,0,0,0,0,0,0,0,0,0
text364,0,0,0,0,0,0,0,0,0,0
text365,1,1,0,0,1,1,2,1,1,2
text366,0,0,0,0,0,0,1,0,0,2
text367,0,0,0,0,0,0,0,0,0,0
text368,2,2,0,0,2,2,2,2,2,2
text369,1,1,0,0,1,1,1,1,1,1
text370,0,1,0,0,1,0,2,0,1,2
text371,0,0,0,0,0,0,0,0,0,0
text372,1,1,0,0,2,1,3,1,1,3
text373,1,2,0,0,1,1,1,1,1,1
text374,0,0,0,0,1,0,1,0,0,1
text375,0,0,0,0,0,0,0,0,0,0
text376,0,0,0,0,0,0,0,0,0,0
text377,0,0,0,0,0,0,0,0,0,0
text378,0,1,0,0,1,1,1,0,1,2
text379,0,0,0,0,0,0,0,0,0,0
text380,0,0,0,0,0,0,0,0,0,0
text381,3,4,0,1,2,2,5,2,2,6
text382,1,2,0,0,1,1,2,1,1,2
text383,1,2,0,1,1,1,2,1,1,2
text384,0,0,0,0,0,0,0,0,0,0
text385,1,1,0,0,1,1,2,1,1,2
text386,0,0,0,0,0,0,1,0,0,1
text387,0,0,0,0,0,0,0,0,0,0
text388,1,1,0,0,1,1,1,1,1,1
text389,0,0,0,0,0,0,0,0,0,0
text390,2,2,0,0,2,2,2,2,2,2
text391,1,2,0,0,1,1,1,1,1,1
text392,1,5,0,0,3,1,4,1,3,4
text393,0,0,0,0,0,0,0,0,0,0
text394,1,1,0,0,1,1,1,2,1,1
text395,0,0,0,0,0,0,0,0,0,0
text396,0,1,0,0,0,1,0,0,0,0
text397,0,0,0,0,0,0,0,0,0,0
text398,0,0,0,0,0,0,0,0,0,0
text399,0,0,0,0,0,0,0,0,0,0
text400,0,0,0,0,0,0,0,0,0,0
text401,1,1,0,0,1,1,1,1,1,1
text402,0,0,0,0,0,0,0,0,0,0
text403,0,0,0,0,0,0,0,0,0,0
text404,0,0,0,0,0,1,1,1,0,1
text405,0,0,0,0,0,0,1,0,0,1
text406,0,0,0,0,0,0,1,0,0,1
text407,0,0,0,0,0,0,0,0,0,0
text408,0,0,0,0,0,0,0,0,1,0
text409,0,0,0,0,0,0,0,0,0,0
text410,0,0,0,0,0,0,0,0,0,0
text411,0,0,0,0,0,0,1,0,0,1
text412,0,2,0,0,2,0,2,0,0,2
text413,0,0,0,0,0,0,0,0,0,0
text414,1,3,0,0,1,1,2,1,1,2
text415,3,5,0,0,4,3,5,3,4,5
text416,0,0,0,0,0,0,1,0,0,1
text417,0,0,0,0,0,0,0,0,0,0
text418,0,0,0,0,0,0,0,0,0,0
text419,0,0,0,0,0,0,0,0,0,0
text420,0,0,0,0,0,1,1,0,0,1
text421,0,1,0,0,0,0,2,0,0,1
text422,2,2,0,0,2,2,4,2,2,4
text423,2,1,0,0,1,2,3,1,2,3
text424,1,1,0,0,1,1,1,1,2,1
text425,1,0,0,0,1,1,1,0,0,0
text426,0,1,0,0,1,0,1,0,0,1
text427,0,1,0,0,0,0,0,0,0,0
text428,0,0,0,0,0,0,0,0,0,0
text429,2,2,0,0,2,2,2,2,2,2
text430,0,0,0,0,0,0,0,0,0,0
text431,0,2,0,0,0,1,1,0,0,2
text432,0,2,0,0,0,0,1,0,0,1
text433,1,0,0,0,0,1,0,0,0,0
text434,0,0,0,0,0,0,0,0,0,0
text435,0,0,0,0,0,0,0,0,0,0
text436,0,0,0,0,0,0,0,0,0,0
text437,3,3,0,0,3,3,3,3,3,3
text438,2,0,1,1,0,3,0,1,0,0
text439,1,1,0,0,1,1,1,1,1,2
text440,0,0,0,0,0,0,0,0,0,0
text441,0,0,0,0,1,0,1,0,0,0
text442,0,1,0,0,0,0,1,0,0,1
text443,0,0,0,0,0,0,0,0,0,0
text444,0,1,0,0,1,0,2,0,1,2
text445,0,1,0,0,0,0,0,0,0,0
text446,2,3,0,0,3,2,3,2,3,4
text447,1,2,0,0,2,1,3,1,1,1
text448,1,2,0,0,2,1,3,1,2,3
text449,1,2,0,0,1,1,3,1,1,2
text450,1,3,0,0,1,2,2,2,1,1
text451,1,1,0,0,1,1,1,1,1,1
text452,1,1,0,0,1,1,1,1,1,1
text453,1,1,0,0,1,1,1,1,1,1
text454,0,0,0,0,0,0,0,0,0,0
text455,1,1,0,0,1,1,1,1,1,1
text456,1,1,0,0,1,1,1,1,1,1
text457,0,2,0,0,0,0,1,0,0,1
text458,0,0,0,0,0,0,0,0,0,0
text459,1,1,0,0,1,1,1,2,1,1
text460,0,0,0,0,0,0,0,0,0,0
text461,1,1,0,0,1,1,1,1,1,1
text462,0,1,0,0,1,0,1,0,1,1
text463,0,0,0,0,0,0,1,0,0,1
text464,0,0,0,0,0,0,0,0,0,0
text465,1,1,0,0,1,1,1,1,1,1
text466,0,0,0,0,0,0,0,0,0,0
text467,0,0,0,0,0,0,1,0,0,1
text468,0,1,0,0,1,0,1,0,1,1
text469,1,1,0,0,1,1,2,1,1,1
text470,0,0,0,0,0,0,0,0,0,0
text471,1,1,0,0,1,1,2,1,1,2
text472,0,0,0,0,0,0,0,0,0,1
text473,1,1,0,0,1,1,1,1,1,1
text474,0,0,0,0,0,0,0,0,0,0
text475,0,0,0,1,0,0,0,0,0,0
text476,1,1,0,0,1,1,1,1,1,1
text477,0,0,0,0,0,0,1,0,0,1
text478,0,0,0,0,0,0,1,0,0,1
text479,0,1,0,0,0,0,1,0,0,1
text480,0,0,0,0,0,1,0,0,0,0
text481,1,0,1,0,0,1,0,1,0,0
text482,0,0,0,0,0,0,0,0,0,0
text483,0,0,0,0,0,0,0,0,0,0
text484,0,0,0,0,0,0,1,0,0,1
text485,0,0,0,0,0,0,0,0,0,0
text486,0,0,0,0,0,0,0,0,0,0
text487,1,0,1,0,0,1,0,1,0,0
text488,0,0,0,0,0,0,0,0,0,0
text489,2,2,0,0,2,2,2,2,2,3
text490,0,2,0,0,0,0,1,0,0,1
text491,1,2,0,0,1,2,1,1,1,1
text492,1,3,0,0,1,1,3,1,1,2
text493,0,0,0,0,0,0,0,0,0,0
text494,0,2,0,0,0,0,1,0,0,1
text495,1,1,0,0,1,1,1,1,1,1
text496,1,1,0,0,1,1,1,1,1,1
text497,2,4,0,0,2,3,3,2,2,4
text498,0,0,0,0,0,0,0,0,0,0
text499,0,2,0,0,0,0,2,0,0,2
text500,2,2,0,0,2,2,2,2,2,2
text501,0,0,0,0,0,0,0,0,0,0
text502,1,1,0,0,1,1,1,1,1,1
text503,1,2,0,0,2,1,2,1,2,1
text504,0,0,0,0,0,0,0,0,0,0
text505,1,2,0,0,1,1,3,1,1,3
text506,2,3,0,0,2,2,3,2,2,2
text507,1,1,0,0,1,1,1,1,1,1
text508,0,0,0,0,0,0,0,0,0,0
text509,1,1,0,0,1,1,1,1,1,1
text510,0,0,0,0,0,0,0,0,0,1
text511,1,1,0,0,1,1,1,1,1,1
text512,0,0,0,0,0,0,0,0,0,1
text513,0,0,0,0,0,0,2,0,0,0
text514,0,0,0,0,0,0,0,0,0,0
text515,3,5,0,0,3,3,4,3,3,4
text516,2,2,0,0,2,2,2,2,2,2
text517,0,2,0,0,1,0,2,0,0,1
text518,0,0,0,0,0,0,0,0,0,0
text519,0,0,0,0,0,0,0,0,0,0
text520,0,0,0,0,0,0,0,0,0,0
text521,0,2,0,0,0,0,1,0,0,1
text522,0,0,0,0,0,0,0,0,0,0
text523,0,1,0,0,0,0,0,0,0,0
text524,2,2,0,0,3,1,4,1,2,4
text525,0,0,0,0,0,1,0,0,0,0
text526,1,1,0,0,1,1,1,1,1,2
text527,0,0,0,0,0,0,0,0,0,0
text528,0,0,0,0,0,0,2,0,0,0
text529,0,0,0,0,1,0,1,0,0,0
text530,0,0,0,0,0,0,0,0,0,0
text531,0,0,0,0,0,0,1,0,0,0
text532,1,1,0,0,1,0,1,0,1,1
text533,0,0,0,0,0,0,0,0,0,0
text534,0,0,0,0,0,0,0,0,0,0
text535,0,1,0,0,1,0,1,0,1,1
text536,0,3,0,0,3,0,4,0,3,2
text537,0,0,0,0,0,0,0,0,0,0
text538,0,0,0,0,0,0,0,0,0,0
text539,0,0,0,0,0,0,0,0,0,0
text540,0,0,0,0,0,0,0,0,0,1
text541,0,1,0,0,0,0,0,0,0,0
text542,0,1,0,0,0,0,1,0,0,0
text543,0,1,0,0,2,0,3,0,0,4
text544,0,2,0,1,1,1,1,1,1,0
text545,0,0,0,0,0,0,0,0,0,1
text546,0,0,0,0,0,0,0,0,0,0
text547,0,0,0,0,0,0,0,0,0,0
text548,0,0,0,0,0,0,0,0,0,1
text549,1,1,0,0,1,1,1,1,1,1
text550,0,0,0,0,0,1,0,1,0,0
text551,0,0,0,0,0,0,0,0,0,0
text552,3,3,0,1,3,4,3,4,3,3
text553,0,0,0,0,0,0,0,0,0,0
text554,0,0,0,0,0,0,0,0,0,0
text555,0,0,0,0,0,0,1,0,0,0
text556,1,2,0,1,2,1,2,1,3,1
text557,0,0,0,0,0,0,0,0,0,0
text558,1,2,0,0,2,1,3,1,2,2
text559,0,1,0,0,0,0,0,0,0,0
text560,0,0,0,0,0,0,0,0,0,0
text561,2,2,0,1,2,3,2,0,2,2
text562,0,0,0,0,0,0,0,0,0,0
text563,0,0,0,0,0,0,0,0,0,0
text564,0,0,0,0,0,0,0,0,0,0
text565,0,0,0,0,0,0,0,0,0,0
text566,0,0,0,0,0,0,0,0,0,0
text567,0,0,0,0,0,0,0,0,0,0
text568,0,0,0,0,0,1,0,0,0,0
text569,0,0,0,0,0,0,1,0,0,1
text570,0,0,0,0,0,0,0,0,0,0
text571,0,0,0,0,0,0,0,0,0,0
text572,0,0,0,0,0,0,0,0,0,0
text573,0,1,0,0,0,1,0,0,0,0
text574,0,0,0,0,0,0,0,0,0,0
text575,0,0,0,0,0,0,0,0,0,0
text576,0,0,0,0,0,0,0,0,0,0
text577,0,0,0,0,0,0,0,0,0,0
text578,0,0,0,0,0,0,0,0,0,0
text579,0,0,0,0,0,1,0,0,0,0
text580,2,0,0,0,0,2,2,0,0,1
text581,0,2,0,0,2,0,2,0,0,2
text582,0,0,0,1,0,0,0,0,0,0
text583,0,0,0,0,0,0,2,0,0,0
text584,0,1,0,0,0,1,0,0,0,0
text585,0,0,0,0,0,0,0,0,0,0
text586,0,1,0,0,0,0,1,0,0,1
text587,1,1,0,0,1,1,1,1,1,2
text588,0,0,0,0,1,0,2,0,0,2
text589,0,1,0,0,1,0,1,0,1,1
text590,0,0,0,1,0,2,0,0,0,0
text591,0,0,0,0,0,0,0,0,0,1
text592,0,0,0,0,0,0,1,0,0,0
text593,0,1,0,0,1,0,1,0,0,1
text594,0,0,0,0,0,0,0,0,0,0
text595,0,0,0,0,0,0,0,0,0,0
text596,0,0,0,0,0,0,0,0,0,0
text597,0,0,0,0,0,0,0,0,0,0
text598,0,0,0,0,0,0,2,0,0,0
text599,1,3,0,0,3,1,3,1,3,1
text600,0,0,0,0,0,0,0,0,0,0
text601,0,0,0,0,0,0,0,0,0,0
text602,0,0,0,0,0,0,0,0,0,0
text603,1,1,0,0,1,1,1,1,1,1
text604,0,0,0,0,0,0,0,0,0,0
text605,1,1,0,0,1,1,1,1,1,1
text606,0,0,0,0,0,0,0,0,0,0
text607,0,1,0,0,0,0,0,0,0,0
text608,1,1,1,0,1,1,3,1,1,2
text609,0,0,0,0,1,0,1,0,0,0
text610,0,2,0,0,1,0,2,0,0,1
text611,0,0,0,0,0,0,0,0,0,0
text612,0,1,0,0,0,0,0,0,0,0
text613,0,0,0,0,0,0,0,0,0,0
text614,1,1,0,0,1,1,1,1,1,1
text615,4,3,1,0,3,5,3,3,3,4
text616,0,0,0,0,0,0,0,0,0,0
text617,2,0,1,1,0,2,1,1,0,0
text618,0,0,0,0,0,0,0,0,0,0
text619,0,0,0,0,0,0,2,0,0,0
text620,3,3,0,0,3,3,4,3,3,4
text621,1,0,0,0,0,1,0,0,0,0
text622,0,0,0,0,0,0,0,0,0,0
text623,0,2,0,0,0,0,0,0,0,0
text624,2,2,0,0,2,2,2,2,2,2
text625,1,1,0,0,1,1,1,1,1,1
text626,0,0,0,0,0,0,0,0,0,0
text627,0,2,0,0,0,0,1,0,0,1
text628,2,2,0,1,2,3,2,3,2,2
text629,1,2,0,0,1,0,1,0,1,1
text630,1,2,0,0,1,1,2,1,1,2
text631,0,0,0,0,0,0,1,0,0,0
text632,1,1,0,0,1,2,1,1,1,1
text633,3,3,1,0,2,4,2,2,2,2
text634,1,0,1,0,0,2,0,1,0,0
text635,0,0,0,0,0,1,3,0,0,1
text636,0,0,0,0,0,0,0,0,0,0
text637,1,2,0,0,1,1,3,1,1,1
text638,0,0,0,0,0,0,0,0,0,0
text639,0,0,0,0,0,0,0,0,0,0
text640,0,0,0,0,0,0,1,0,0,0
text641,0,0,0,0,0,0,0,0,0,0
text642,0,0,0,0,0,0,0,0,0,0
text643,0,1,0,0,0,0,0,0,0,0
text644,1,0,0,1,0,1,0,1,1,0
text645,0,0,0,1,0,1,0,1,0,0
text646,0,2,0,2,2,3,2,3,2,1
text647,3,3,0,0,3,3,5,3,3,4
text648,0,0,0,0,0,2,0,1,0,0
text649,1,2,0,0,1,1,1,1,1,1
text650,0,0,0,0,0,0,1,0,0,0
text651,1,2,0,0,1,1,3,1,1,3
text652,0,1,0,1,0,0,0,0,0,0
text653,3,3,0,0,3,3,6,3,3,5
text654,3,4,0,0,3,3,3,3,3,3
text655,0,0,0,0,0,0,0,0,0,0
text656,1,2,0,0,1,1,1,1,1,1
text657,2,2,0,0,2,2,3,2,2,3
text658,0,0,0,0,0,0,0,0,0,0
text659,0,0,0,0,0,1,0,1,0,0
text660,1,1,0,0,1,1,1,1,1,1
text661,0,1,0,0,0,0,0,0,0,0
text662,2,3,0,1,2,2,2,2,2,2
text663,0,0,0,0,0,0,0,0,0,0
text664,1,1,0,0,1,1,1,1,1,1
text665,1,0,1,0,0,1,0,0,0,0
text666,2,2,1,0,1,2,2,1,1,2
text667,0,1,0,0,1,0,2,0,1,1
text668,0,0,0,0,0,0,0,0,0,0
text669,0,0,0,0,0,0,0,0,0,0
text670,2,1,1,0,1,2,1,1,1,1
text671,2,3,0,0,2,2,4,2,2,5
text672,0,0,0,0,0,0,3,0,0,3
text673,1,3,0,0,2,1,3,1,1,2
text674,0,0,0,0,0,0,0,0,0,0
text675,0,0,0,0,0,0,0,0,0,0
text676,0,0,0,0,0,0,0,0,0,0
text677,1,2,0,0,1,2,1,1,1,1
text678,0,2,0,0,1,0,2,0,1,2
text679,0,0,0,0,0,0,0,0,0,0
text680,0,1,0,1,0,0,0,0,0,0
text681,0,0,0,0,0,0,0,0,0,0
text682,0,0,0,0,0,0,0,0,0,0
text683,0,0,0,0,0,0,0,0,0,0
text684,2,4,0,0,2,2,3,2,2,3
text685,1,1,1,0,0,1,0,0,0,0
text686,1,0,0,0,0,1,0,0,0,0
text687,0,0,0,0,0,0,0,0,0,0
text688,0,0,0,0,0,0,0,0,0,0
text689,0,0,0,0,0,0,0,0,0,0
text690,0,0,0,0,0,0,1,0,0,0
text691,1,1,0,0,1,1,1,1,1,1
text692,3,4,1,0,2,3,4,2,2,4
text693,0,0,0,0,0,0,0,0,0,1
text694,1,3,0,0,1,1,1,1,1,1
text695,2,2,0,0,2,2,3,2,2,3
text696,1,1,0,0,1,1,1,1,1,1
text697,1,2,0,0,1,1,2,1,1,1
text698,0,0,0,0,0,0,0,0,0,0
text699,0,0,0,0,0,1,0,1,0,0
text700,0,0,0,0,0,0,1,0,0,0
text701,0,0,0,0,0,0,0,0,0,0
text702,1,1,0,0,1,1,1,0,0,0
text703,0,0,0,0,0,0,0,0,0,0
text704,0,0,0,0,0,0,0,0,0,0
text705,0,0,0,0,0,0,0,0,0,0
text706,0,0,0,0,0,0,0,0,0,0
text707,0,0,0,0,0,0,0,0,0,1
text708,0,0,0,0,0,0,0,0,0,0
text709,0,0,0,0,0,0,0,0,0,0
text710,0,0,0,0,0,0,0,0,0,0
text711,0,0,0,0,0,0,0,0,0,0
text712,0,0,0,0,0,0,0,0,0,0
text713,0,0,0,0,0,0,0,0,0,0
text714,0,0,0,0,0,0,0,0,0,0
text715,0,0,0,0,0,0,2,0,0,0
text716,1,1,0,0,1,1,1,1,1,1
text717,0,0,0,0,0,0,0,0,0,0
text718,0,1,0,0,1,0,1,0,0,0
text719,1,1,0,0,1,1,2,1,1,2
text720,0,0,0,0,0,0,0,0,0,0
text721,0,0,0,0,0,0,0,0,0,0
text722,0,0,0,0,0,0,0,0,0,0
text723,0,0,0,0,0,0,0,0,0,0
text724,1,1,0,0,1,1,2,1,1,1
text725,0,0,0,0,0,0,1,0,0,0
text726,1,1,0,0,1,1,1,1,1,2
text727,4,2,0,0,2,4,2,2,2,2
text728,0,0,0,0,0,0,0,0,0,0
text729,0,0,0,0,0,0,0,0,0,0
text730,0,0,0,0,0,1,0,1,0,0
text731,1,0,0,1,0,1,0,1,1,0
text732,0,0,0,0,0,1,0,1,0,0
text733,0,0,0,0,0,0,0,0,0,0
text734,0,0,0,0,0,0,1,0,0,1
text735,0,0,0,0,0,0,0,0,0,0
text736,0,0,0,0,0,0,0,0,0,0
text737,0,0,0,0,0,0,0,0,0,0
text738,0,1,0,0,1,0,1,0,1,1
text739,0,0,0,1,0,0,0,0,0,0
text740,0,0,0,0,0,0,0,0,0,0
text741,0,0,0,0,0,0,0,0,0,0
text742,0,0,0,0,0,1,0,0,0,0
text743,0,0,0,0,0,1,0,0,0,1
text744,0,0,0,0,0,0,0,0,0,0
text745,0,0,0,0,0,0,0,0,0,0
text746,0,0,0,0,0,0,0,0,0,0
text747,1,1,0,0,1,1,1,1,1,1
text748,0,0,0,0,0,0,0,0,0,0
text749,0,0,0,0,0,0,0,0,0,0
text750,1,1,0,0,1,1,1,1,1,1
text751,0,1,0,0,1,0,1,0,0,1
text752,0,0,0,0,0,0,0,0,0,0
text753,1,1,0,0,2,0,2,0,1,2
text754,1,1,0,0,1,1,1,1,1,1
text755,0,0,0,0,0,0,1,0,0,0
text756,0,0,0,0,0,1,0,0,0,0
text757,0,0,0,0,0,0,0,0,0,0
text758,0,0,0,0,0,0,0,0,0,0
text759,0,0,0,0,0,0,1,0,0,1
text760,0,0,0,0,0,0,0,0,0,0
text761,0,0,0,0,0,0,0,0,0,0
text762,0,0,0,0,0,0,0,0,0,0
text763,0,0,0,0,0,1,1,1,0,0
text764,0,0,0,0,0,0,0,0,0,0
text765,0,0,0,0,0,0,0,0,0,0
text766,0,0,0,0,0,0,0,0,0,0
text767,0,0,0,0,0,0,0,0,0,0
text768,0,0,0,0,0,0,0,0,0,0
text769,0,0,0,0,0,1,0,0,0,0
text770,0,0,0,0,0,0,0,0,0,1
text771,0,0,0,0,0,0,0,0,0,0
text772,0,0,0,0,0,0,0,0,0,0
text773,0,0,0,0,0,0,0,0,0,0
text774,0,0,0,0,0,0,0,0,0,0
text775,0,0,0,0,0,0,0,0,0,1
text776,0,0,0,0,0,0,0,0,0,0
text777,1,2,0,0,1,1,2,1,1,2
text778,1,1,0,0,1,1,1,1,1,1
text779,0,0,0,0,0,1,1,1,0,0
text780,0,0,0,0,0,0,0,0,0,0
text781,0,1,0,0,1,0,1,0,0,0
text782,1,3,0,0,3,1,4,1,1,2
text783,1,0,0,1,0,1,0,1,1,0
text784,0,1,0,0,0,0,1,0,0,0
text785,0,0,0,0,0,0,0,0,0,0
text786,0,0,0,0,0,0,0,0,0,0
text787,0,0,0,0,0,0,0,0,0,0
text788,0,0,0,0,0,1,1,1,0,0
text789,0,0,0,0,0,0,0,0,0,0
text790,0,0,0,0,0,0,0,0,0,1
text791,0,0,0,0,0,0,0,0,0,0
text792,1,6,0,0,1,2,5,1,1,5
text793,0,0,0,0,0,0,0,0,0,0
text794,1,1,0,0,1,1,1,1,1,1
text795,0,0,0,0,0,0,0,0,0,0
text796,0,0,0,0,1,0,1,0,0,0
text797,1,2,0,0,1,2,1,1,1,2
text798,0,0,0,0,0,0,2,0,0,0
text799,0,0,0,0,0,0,0,0,0,0
text800,1,1,0,0,1,1,1,1,1,1
text801,0,0,0,0,0,0,0,0,0,0
text802,0,0,0,0,0,0,0,0,0,0
text803,0,0,0,0,0,0,0,0,0,0
text804,0,0,0,0,0,0,0,0,0,0
text805,1,1,0,0,1,1,1,1,1,1
text806,0,0,0,0,0,0,0,0,0,0
text807,0,0,0,0,0,0,0,0,0,0
text808,0,0,0,0,0,0,0,0,0,0
text809,1,1,0,0,1,1,1,1,1,1
text810,2,2,0,0,2,2,2,2,2,2
text811,2,2,0,0,2,2,2,2,2,2
text812,1,1,0,0,1,1,1,1,1,1
text813,0,0,0,0,0,0,0,0,0,0
text814,0,0,0,0,0,1,0,0,0,0
text815,0,0,0,0,0,0,0,0,0,0
text816,1,1,0,0,1,3,1,1,1,1
text817,0,0,0,0,0,0,0,0,0,0
text818,1,1,0,0,1,1,1,1,1,1
text819,0,0,0,0,0,0,0,0,0,0
text820,0,0,0,0,0,0,0,0,0,0
text821,0,0,0,0,0,0,0,0,0,0
text822,0,0,0,0,0,0,0,0,1,1
text823,0,0,0,0,0,0,0,0,0,0
text824,0,0,0,0,0,0,0,0,0,0
text825,0,0,0,0,0,0,1,0,0,1
text826,0,0,0,0,0,0,0,0,1,0
text827,0,1,0,0,1,0,2,0,1,1
text828,0,0,0,0,0,0,0,0,0,0
text829,0,0,0,0,0,0,0,0,0,0
text830,0,0,0,0,0,0,0,0,0,0
text831,0,0,0,0,0,0,0,0,0,0
text832,0,0,0,0,0,0,0,0,0,0
text833,1,0,1,1,0,1,0,1,0,0
text834,0,0,0,0,0,0,0,0,0,0
text835,0,0,0,0,0,0,0,0,0,0
text836,0,1,0,0,1,1,1,0,0,0
text837,0,0,0,0,0,0,0,0,0,0
text838,0,0,0,0,0,0,0,0,0,0
text839,0,0,0,0,0,0,0,0,0,0
text840,0,0,0,0,0,0,0,0,0,0
text841,0,0,0,0,0,0,0,0,0,0
text842,0,0,0,1,0,1,0,1,0,0
text843,0,0,0,0,0,0,2,0,0,0
text844,0,0,0,0,0,0,0,0,0,0
text845,0,0,0,0,0,0,0,0,0,0
text846,1,2,1,1,1,2,1,1,1,1
text847,0,0,0,0,0,0,0,0,0,0
text848,0,0,0,0,1,0,1,0,0,1
text849,0,0,0,0,0,0,0,0,0,0
text850,0,0,0,0,0,0,0,0,0,0
text851,0,0,0,0,0,0,0,0,0,0
text852,1,1,0,0,1,1,1,1,1,1
text853,0,0,0,0,0,0,0,0,0,0
text854,0,0,0,0,0,0,0,0,0,0
text855,0,0,0,0,0,0,1,0,0,0
text856,0,0,0,0,0,0,0,0,0,0
text857,0,0,0,0,0,0,0,0,0,0
text858,0,1,0,0,0,0,2,0,0,1
text859,0,0,0,0,0,0,0,0,0,0
text860,0,0,0,0,0,0,0,0,0,0
text861,0,1,0,0,1,0,3,0,1,2
text862,0,0,0,0,0,0,0,0,0,0
text863,0,1,0,0,1,0,1,0,1,1
text864,0,0,0,0,0,0,0,0,0,0
text865,0,0,0,0,0,0,0,0,0,0
text866,0,0,0,0,0,0,0,0,0,0
text867,0,0,0,0,0,0,0,0,0,0
text868,0,0,0,0,0,0,0,0,0,0
text869,0,0,0,0,0,0,0,0,0,0
text870,6,3,2,1,5,6,5,5,3,5
text871,0,0,0,0,0,0,0,0,0,0
text872,0,0,0,0,0,0,0,0,0,0
text873,1,2,0,0,1,1,2,1,1,2
text874,0,0,0,0,0,0,0,0,0,0
text875,0,0,0,0,0,0,0,0,0,0
text876,0,0,0,0,0,0,0,0,0,0
text877,0,0,0,0,0,0,0,0,0,0
text878,0,0,0,0,0,0,0,0,0,0
text879,0,0,0,0,0,0,0,0,0,0
text880,0,0,0,0,0,0,0,0,0,0
text881,0,0,0,0,0,0,0,0,0,0
text882,3,4,0,0,3,3,5,3,3,4
text883,0,0,0,0,0,0,0,0,0,1
text884,0,0,0,0,0,0,0,0,0,0
text885,0,0,0,0,0,0,0,0,0,0
text886,0,0,0,0,0,0,0,0,0,0
text887,0,0,0,0,0,0,0,0,0,0
text888,1,1,0,0,1,1,1,1,1,1
text889,0,0,0,0,0,0,0,0,0,0
text890,0,0,0,0,1,0,1,0,0,0
text891,0,0,0,0,0,0,1,0,0,0
text892,0,0,0,0,0,0,0,0,0,0
text893,0,0,0,0,0,0,0,0,0,0
text894,0,0,0,0,0,0,0,0,0,0
text895,0,0,0,1,0,1,1,1,0,1
text896,0,0,0,0,0,0,0,0,0,0
text897,0,0,0,0,0,0,1,0,0,1
text898,0,0,0,0,0,0,0,0,0,2
text899,0,0,0,0,0,0,0,0,0,0
text900,0,0,0,0,0,0,0,0,0,0
text901,0,0,0,0,0,0,0,0,0,0
text902,0,0,0,0,0,0,0,0,0,0
text903,0,0,0,0,0,1,0,1,0,1
text904,0,0,0,0,0,1,0,1,0,1
text905,0,0,0,0,0,1,0,1,0,1
text906,0,0,0,0,0,1,0,1,0,1
text907,0,0,0,0,0,0,0,0,0,1
text908,0,0,0,0,0,1,0,1,0,1
text909,0,0,0,0,0,0,0,0,0,0
text910,0,0,0,0,0,1,0,1,0,1
text911,0,0,0,0,0,1,0,1,0,1
text912,1,1,0,1,0,1,1,1,1,0
text913,0,0,0,0,0,0,0,0,0,0
text914,0,0,0,0,0,0,0,0,0,0
text915,0,0,0,0,0,0,0,0,0,0
text916,0,0,0,0,0,0,0,0,0,0
text917,0,0,0,0,0,0,0,0,0,0
text918,0,0,0,0,0,0,1,0,0,0
text919,0,0,0,0,0,0,0,0,0,0
text920,0,1,0,0,1,0,1,0,0,1
text921,1,1,0,0,1,1,1,1,1,1
text922,2,1,0,0,1,2,1,1,1,1
text923,0,0,0,0,0,0,0,0,0,0
text924,0,0,0,0,0,0,0,0,0,0
text925,1,0,1,0,0,2,0,1,0,1
text926,0,0,0,0,0,0,0,0,0,0
text927,0,0,0,0,0,0,0,0,0,0
text928,0,0,0,0,0,0,0,0,0,0
text929,0,0,0,0,0,0,0,0,0,0
text930,0,0,0,0,0,0,0,0,0,0
text931,0,0,0,0,0,0,0,0,0,0
text932,0,0,0,0,0,0,0,0,0,0
text933,1,1,0,0,1,1,1,1,1,1
text934,0,0,0,0,0,0,0,0,0,0
text935,0,0,0,0,0,0,0,0,0,0
text936,0,0,0,0,0,0,0,0,0,0
text937,0,0,0,0,0,0,0,0,0,0
text938,1,1,0,0,2,1,2,1,1,1
text939,1,0,0,0,0,1,1,0,0,0
text940,0,0,0,0,0,0,0,0,0,0
text941,0,0,0,0,0,0,0,0,0,0
text942,0,0,0,0,0,0,0,0,0,0
text943,0,0,0,0,0,0,0,0,0,0
text944,1,1,0,0,1,1,1,1,1,1
text945,0,0,0,0,0,0,0,0,0,0
text946,1,1,0,0,1,1,1,1,1,1
text947,0,0,0,0,0,0,0,0,0,0
text948,0,0,0,0,0,0,0,0,0,0
text949,0,0,0,0,0,0,0,0,0,0
text950,0,0,0,0,0,0,0,0,0,0
text951,1,1,0,0,1,1,1,1,1,1
text952,0,0,0,0,0,0,0,0,0,0
text953,0,0,0,0,0,0,3,0,0,0
text954,0,0,0,0,0,0,1,0,0,1
text955,0,0,0,0,0,0,0,0,0,0
text956,2,3,0,1,3,3,3,2,2,4
text957,0,1,0,0,1,0,1,0,0,0
text958,0,0,0,0,0,0,0,0,0,0
text959,0,0,0,1,0,1,0,1,0,0
text960,0,0,0,0,0,0,0,0,0,0
text961,0,0,0,0,0,0,0,0,0,0
text962,0,0,0,0,0,0,0,0,0,0
text963,0,0,0,0,0,0,0,1,0,0
text964,0,0,0,0,0,0,0,0,0,0
text965,0,0,0,0,0,0,0,0,0,0
text966,1,0,0,0,0,1,1,0,0,2
text967,0,0,0,0,0,0,0,0,0,0
text968,0,0,0,0,0,0,0,0,0,0
text969,0,0,0,0,0,0,0,0,0,0
text970,0,0,0,0,0,0,0,0,0,0
text971,2,1,0,0,2,2,2,1,1,2
text972,0,0,0,0,0,0,0,0,0,0
text973,0,0,0,0,0,0,0,0,0,0
text974,0,0,0,0,0,0,0,0,0,0
text975,0,1,0,0,1,0,3,0,1,2
text976,1,1,0,0,0,1,0,0,0,0
text977,0,0,0,0,0,0,0,0,0,0
text978,0,0,0,0,0,0,0,0,0,0
text979,0,0,0,0,0,0,0,0,0,0
text980,1,2,0,0,2,1,3,1,1,3
text981,0,2,0,0,1,0,2,0,1,1
text982,0,0,0,0,0,0,0,0,0,0
text983,0,0,0,1,0,0,0,0,0,0
text984,0,0,0,0,0,0,0,0,0,0
text985,0,0,0,0,0,0,0,0,0,0
text986,0,0,0,1,0,1,0,1,0,0
text987,0,0,0,0,0,0,0,0,0,0
text988,2,1,0,0,2,2,2,2,1,2
text989,0,0,0,0,0,0,0,0,0,0
text990,0,0,0,0,0,0,0,0,0,0
text991,0,0,0,0,0,0,0,0,0,0
text992,0,0,0,0,0,0,0,0,0,0
text993,0,0,0,0,0,0,0,0,0,0
text994,0,0,0,0,0,0,0,0,0,0
text995,0,0,0,0,0,0,0,0,0,0
text996,0,0,0,0,0,0,0,0,0,0
text997,0,0,0,0,0,0,0,0,0,0
text998,0,0,0,0,0,1,0,0,0,0
text999,0,0,0,0,0,0,0,0,0,0
text1000,0,0,0,0,0,0,0,0,0,0
text1001,0,0,0,0,0,0,0,0,0,0
text1002,0,0,0,0,0,0,0,0,0,0
text1003,0,0,0,0,0,1,0,0,0,0
text1004,1,1,0,0,1,1,2,1,1,1
text1005,0,0,0,0,1,0,1,0,0,0
text1006,0,0,0,0,0,0,0,0,0,0
text1007,0,0,0,0,0,0,0,0,0,0
text1008,0,0,0,0,0,0,0,0,0,0
text1009,0,0,0,0,0,0,0,0,0,0
text1010,0,0,0,0,1,0,1,0,0,0
text1011,0,0,0,0,1,0,1,0,0,0
text1012,0,0,0,0,0,0,0,0,0,0
text1013,2,1,0,0,1,2,1,1,1,1
text1014,0,0,0,0,0,0,0,0,0,0
text1015,0,0,0,0,0,0,0,0,0,0
text1016,0,1,0,0,1,0,1,0,1,1
text1017,0,0,0,0,0,0,0,0,0,0
text1018,0,0,0,0,0,0,0,0,0,0
text1019,0,1,0,0,0,0,1,0,0,0
text1020,0,0,0,0,0,0,0,0,0,0
text1021,0,3,0,2,1,0,1,0,1,1
text1022,0,0,0,0,0,0,0,0,0,0
text1023,0,0,0,0,0,0,0,0,0,0
text1024,0,0,0,0,0,0,0,0,0,0
text1025,0,0,0,0,0,0,0,0,0,0
text1026,1,1,0,0,1,1,1,0,1,1
text1027,0,0,0,0,0,0,0,0,0,0
text1028,3,2,1,1,2,3,2,4,2,2
text1029,0,0,0,0,0,0,0,0,0,0
text1030,0,1,0,0,1,0,1,0,0,0
text1031,0,0,0,0,0,0,0,0,0,0
text1032,0,0,0,0,0,0,0,0,0,0
text1033,0,0,0,0,0,0,0,0,0,0
text1034,0,0,0,0,0,0,0,0,0,0
text1035,0,0,0,0,0,0,0,0,0,0
text1036,0,0,0,0,0,0,0,0,0,0
text1037,1,1,0,0,1,1,1,1,1,1
text1038,1,1,0,0,1,0,1,0,1,1
text1039,0,0,0,0,0,0,0,0,0,0
text1040,0,0,0,0,0,0,0,0,0,0
text1041,0,0,0,0,0,0,0,0,0,0
text1042,0,1,0,0,1,0,1,0,1,1
text1043,0,0,0,0,0,0,0,0,0,0
text1044,0,0,0,0,0,0,0,0,0,0
text1045,0,0,0,0,0,0,0,0,0,0
text1046,0,0,0,0,0,0,0,0,0,0
text1047,0,0,0,0,0,0,1,0,0,0
text1048,0,2,0,0,0,0,1,0,0,0
text1049,0,0,0,0,0,0,0,0,0,0
text1050,0,0,0,0,0,0,0,0,0,0
text1051,1,1,0,0,1,1,1,1,1,1
text1052,1,0,1,0,0,1,0,0,0,0
text1053,0,0,0,0,0,0,0,0,0,0
text1054,0,0,0,0,0,0,0,0,0,0
text1055,0,1,0,0,0,0,0,0,0,0
text1056,0,0,0,0,0,0,0,0,0,0
text1057,1,1,0,0,1,1,1,1,1,1
text1058,0,0,0,0,0,0,0,0,0,0
text1059,0,0,0,0,0,0,0,0,0,0
text1060,0,1,0,0,0,0,0,0,0,0
text1061,0,0,0,0,0,0,0,0,0,0
text1062,0,0,0,0,0,0,0,0,0,0
text1063,0,0,0,0,0,0,0,0,0,0
text1064,1,1,1,0,1,1,2,1,1,2
text1065,0,0,0,0,0,0,0,0,0,0
text1066,0,0,0,0,0,0,0,0,0,0
text1067,0,0,0,0,0,0,0,0,0,0
text1068,0,0,0,0,0,0,0,0,0,0
text1069,0,0,0,0,0,0,0,0,0,0
text1070,0,0,0,0,0,0,0,0,0,0
text1071,0,0,0,0,0,0,0,0,0,0
text1072,0,0,0,0,0,0,1,0,0,0
text1073,0,0,0,0,0,0,2,0,0,1
text1074,0,1,0,0,0,0,0,0,0,0
text1075,0,0,0,0,0,0,0,0,0,0
text1076,0,0,0,0,0,0,0,0,0,0
text1077,0,0,0,0,0,0,0,0,0,0
text1078,1,1,0,0,1,1,1,1,1,1
text1079,1,0,1,1,0,1,0,1,0,0
text1080,0,0,0,0,0,0,0,0,0,0
text1081,0,0,0,0,0,0,0,0,0,0
text1082,0,0,0,0,0,0,0,0,0,0
text1083,0,0,0,0,0,0,0,0,0,0
text1084,1,1,1,0,1,1,1,1,0,1
text1085,0,0,0,0,0,0,0,0,0,0
text1086,0,0,0,0,0,0,0,0,0,0
text1087,0,0,0,0,0,0,1,0,0,0
text1088,0,0,0,0,0,0,0,0,0,0
text1089,0,0,0,0,0,0,0,0,0,0
text1090,1,1,0,0,2,1,2,1,1,2
text1091,0,0,0,0,0,0,0,0,0,0
text1092,0,0,0,0,0,0,0,0,0,0
text1093,0,0,0,0,0,0,0,0,0,0
text1094,0,0,0,0,0,0,0,0,0,0
text1095,0,0,0,1,0,0,0,0,0,0
text1096,0,0,0,0,0,0,2,0,0,0
text1097,0,0,0,0,0,0,0,0,0,0
text1098,0,0,0,0,0,0,0,0,0,0
text1099,0,0,0,0,0,0,2,0,0,0
text1100,0,0,0,0,0,0,0,0,0,0
text1101,0,0,0,0,0,1,0,0,0,2
text1102,0,0,0,0,1,0,1,0,0,0
text1103,0,0,0,0,0,0,0,0,0,0
text1104,0,0,0,0,1,0,1,0,0,1
text1105,1,0,1,0,0,1,0,1,0,0
text1106,1,2,0,0,2,1,3,1,2,3
text1107,0,0,0,0,0,0,0,0,0,0
text1108,0,1,0,0,0,0,0,0,0,0
text1109,0,0,0,0,0,0,0,0,0,0
text1110,0,0,0,0,0,0,0,0,0,0
text1111,1,1,0,0,1,1,1,1,1,1
text1112,0,0,0,0,0,0,0,0,0,0
text1113,0,0,0,0,0,0,0,0,0,0
text1114,0,0,0,0,0,0,0,0,0,0
text1115,1,0,1,1,0,1,0,1,0,0
text1116,0,0,0,0,0,0,0,0,0,0
text1117,0,0,0,0,0,0,0,0,0,0
text1118,0,0,0,0,0,0,0,0,0,0
text1119,0,0,0,0,0,0,1,0,0,1
text1120,1,1,0,0,1,1,1,1,1,1
text1121,0,0,0,0,0,0,0,0,0,0
text1122,0,0,0,0,0,0,0,0,0,0
text1123,0,0,0,0,0,0,0,0,0,0
text1124,1,1,0,0,1,1,1,1,1,1
text1125,0,0,0,0,0,0,0,0,0,0
text1126,0,0,0,0,0,0,0,0,0,0
text1127,1,1,0,0,1,1,1,1,1,1
text1128,0,0,0,0,0,1,0,0,0,0
text1129,0,1,0,0,0,1,2,0,0,1
text1130,0,0,0,0,0,0,0,0,0,0
text1131,0,0,0,0,0,0,0,0,0,0
text1132,0,0,0,0,0,0,0,0,0,0
text1133,1,0,1,0,0,2,0,2,0,0
text1134,1,1,0,0,1,1,1,1,1,1
text1135,0,0,0,0,0,0,0,0,0,0
text1136,0,0,0,0,0,0,0,0,0,0
text1137,0,1,0,0,0,0,3,0,0,1
text1138,0,0,0,0,0,0,0,0,0,0
text1139,0,0,0,0,0,0,0,0,0,0
text1140,0,0,0,0,0,0,0,0,0,0
text1141,0,0,0,0,0,0,0,0,0,0
text1142,0,0,0,0,0,0,0,0,0,0
text1143,0,0,0,0,0,0,0,0,0,0
text1144,0,0,0,0,0,0,0,0,0,0
text1145,0,0,0,0,0,0,1,0,0,0
text1146,0,0,0,0,0,0,1,0,0,0
text1147,0,1,0,0,1,0,1,0,1,1
text1148,0,0,0,0,0,0,0,0,0,0
text1149,0,0,0,0,0,0,0,0,0,0
text1150,0,4,0,0,0,1,1,1,0,0
text1151,0,1,0,0,0,0,1,0,0,0
text1152,0,0,0,0,0,0,0,0,0,0
text1153,0,0,0,0,0,0,2,0,0,1
text1154,0,1,0,0,1,1,2,0,0,2
text1155,0,0,0,0,0,0,0,0,0,0
text1156,0,0,0,0,0,0,0,0,0,0
text1157,0,0,0,0,0,1,0,1,0,0
text1158,0,0,0,0,1,0,2,0,0,1
text1159,0,0,0,0,0,0,0,0,0,0
text1160,0,0,0,1,0,1,1,1,0,1
text1161,0,0,0,0,0,0,0,0,0,0
text1162,0,0,0,0,0,0,0,0,0,0
text1163,0,0,0,0,0,0,0,0,0,0
text1164,0,0,0,0,0,0,0,0,0,0
text1165,0,0,0,0,0,0,1,0,0,1
text1166,0,0,0,0,0,0,0,0,0,0
text1167,0,0,0,0,0,0,0,0,0,0
text1168,0,0,0,0,0,0,0,0,0,0
text1169,0,0,0,0,0,0,0,0,0,0
text1170,1,1,0,0,1,1,1,1,1,1
text1171,0,1,0,0,1,0,1,0,0,1
text1172,0,0,0,0,0,0,0,0,0,0
text1173,0,0,0,0,0,0,0,0,0,0
text1174,1,0,1,0,0,1,0,1,0,0
text1175,0,1,0,0,0,1,0,1,0,0
text1176,0,0,0,0,0,0,0,0,0,0
text1177,0,0,0,0,0,0,0,0,0,0
text1178,0,0,0,0,0,0,0,0,1,0
text1179,0,0,0,0,0,0,0,0,0,0
text1180,1,1,0,1,0,1,1,1,1,0
text1181,0,0,0,0,0,0,0,0,0,0
text1182,0,0,0,0,0,0,0,0,0,0
text1183,0,0,0,0,0,0,0,0,0,0
text1184,0,0,0,0,0,0,1,0,0,0
text1185,0,1,0,0,1,0,1,0,1,1
text1186,0,1,0,0,1,0,1,0,1,1
text1187,0,1,0,0,0,0,0,0,0,0
text1188,1,0,1,0,0,1,0,1,0,0
text1189,0,0,0,0,0,0,0,0,0,0
text1190,1,1,1,1,0,1,0,1,0,1
text1191,0,0,0,0,0,0,0,0,0,0
text1192,0,0,0,0,0,0,0,0,0,0
text1193,0,0,0,0,0,0,0,0,0,0
text1194,0,0,0,0,0,0,0,0,0,0
text1195,2,1,1,1,1,2,1,2,1,1
text1196,1,0,0,1,0,1,0,1,1,0
text1197,0,1,0,1,0,0,1,0,0,1
text1198,0,0,0,0,0,0,0,0,0,0
text1199,0,0,0,0,0,0,0,0,0,0
text1200,0,0,0,0,0,0,0,0,0,0
text1201,0,0,0,0,0,0,0,0,0,0
text1202,0,0,0,0,0,0,0,0,0,0
text1203,0,0,0,0,0,0,0,0,0,0
text1204,0,0,0,0,0,0,0,0,0,0
text1205,0,0,0,0,0,0,0,0,0,1
text1206,0,0,0,0,0,0,0,0,0,0
text1207,0,0,0,0,0,0,4,0,0,2
text1208,1,1,0,0,1,1,2,1,1,3
text1209,1,2,0,0,1,1,1,1,1,1
text1210,0,0,0,0,0,0,0,0,0,0
text1211,1,1,0,0,1,0,1,0,1,1
text1212,0,0,0,0,0,0,0,0,0,0
text1213,0,0,0,0,0,0,0,0,0,0
text1214,0,0,0,0,0,1,0,0,0,0
text1215,0,0,0,0,0,0,0,0,0,0
text1216,0,0,0,0,0,0,0,0,0,0
text1217,0,0,0,0,0,0,0,0,0,0
text1218,0,0,0,0,0,0,0,0,0,0
text1219,0,1,0,0,0,0,0,0,0,0
text1220,0,2,0,0,2,0,2,0,2,1
text1221,0,0,0,0,0,0,0,0,0,0
text1222,0,1,0,0,1,0,1,0,1,1
text1223,0,0,0,0,0,0,0,0,0,0
text1224,0,0,0,0,0,0,1,0,0,1
text1225,0,0,0,0,0,0,0,0,0,0
text1226,0,0,0,0,0,0,0,0,0,0
text1227,0,0,0,0,0,0,1,0,0,1
text1228,0,0,0,0,1,0,2,0,0,4
text1229,0,0,0,0,1,0,2,0,0,2
text1230,0,0,0,0,0,0,0,0,0,1
text1231,0,0,0,0,0,0,0,0,0,0
text1232,0,0,0,0,0,0,0,0,0,0
text1233,0,0,0,0,0,0,0,0,0,0
text1234,0,0,0,0,0,0,0,1,0,0
text1235,2,2,0,0,2,0,4,0,2,3
text1236,1,1,0,0,1,1,1,1,1,1
text1237,1,2,0,0,1,2,1,1,1,1
text1238,0,0,0,0,0,0,1,0,0,1
text1239,0,0,0,0,0,0,0,0,0,0
text1240,0,0,0,0,0,1,0,0,0,0
text1241,4,2,0,0,2,4,2,2,2,2
text1242,0,0,0,0,0,0,0,0,0,0
text1243,0,1,0,0,0,0,0,0,0,0
text1244,0,0,0,0,0,0,0,0,0,0
text1245,0,1,0,0,0,1,1,1,0,1
text1246,0,0,0,0,0,0,0,0,0,0
text1247,0,0,0,0,0,0,0,0,0,0
text1248,0,0,0,0,0,0,0,0,0,0
text1249,0,0,0,0,0,0,1,0,0,0
text1250,0,2,0,0,2,0,2,0,2,1
text1251,0,0,0,0,0,0,1,0,0,0
text1252,1,1,0,0,1,1,1,1,1,2
text1253,0,0,0,0,0,0,0,0,0,0
text1254,1,3,0,0,2,2,3,2,2,2
text1255,0,0,0,0,0,0,0,0,0,0
text1256,0,1,0,0,0,0,1,0,0,1
text1257,0,0,0,0,0,0,1,0,0,1
text1258,1,2,0,0,2,1,2,1,2,2
text1259,1,0,1,1,0,1,0,1,0,0
text1260,0,0,0,0,0,0,0,0,0,0
text1261,0,0,0,0,0,0,0,0,0,1
text1262,0,0,0,0,1,0,1,0,0,1
text1263,0,3,0,0,2,0,2,0,0,2
text1264,0,0,0,0,0,0,0,0,0,0
text1265,0,1,0,0,1,0,1,0,1,1
text1266,0,0,0,1,0,2,0,1,0,0
text1267,1,1,0,0,1,1,1,1,1,1
text1268,0,1,0,0,2,0,2,0,0,2
text1269,0,0,0,0,0,0,0,0,0,0
text1270,0,0,0,0,0,0,0,0,0,0
text1271,0,0,0,0,1,0,1,0,0,0
text1272,0,0,0,0,0,0,0,0,0,0
text1273,0,0,0,0,0,0,0,0,0,0
text1274,0,1,0,0,0,0,0,0,0,0
text1275,0,0,0,0,0,0,0,0,0,0
text1276,0,0,0,0,0,0,0,0,0,0
text1277,0,0,0,0,0,0,0,0,0,0
text1278,2,2,0,0,2,2,2,2,2,2
text1279,0,0,0,0,0,0,0,0,0,0
text1280,0,0,0,0,0,0,0,0,0,0
text1281,0,0,0,0,1,0,1,0,0,0
text1282,5,3,2,0,3,3,5,3,3,5
text1283,0,0,0,0,0,0,0,0,0,0
text1284,0,0,0,0,0,0,0,0,0,0
text1285,0,0,0,0,0,0,0,0,0,0
text1286,1,0,1,0,0,1,0,1,0,0
text1287,0,0,0,0,0,0,0,0,0,0
text1288,0,0,0,0,0,0,0,0,0,0
text1289,0,0,0,0,0,0,0,0,0,0
text1290,1,1,0,0,1,2,1,1,1,1
text1291,0,0,0,0,0,0,0,0,0,0
text1292,0,1,0,0,1,0,1,0,1,1
text1293,0,0,0,0,0,0,0,0,0,0
text1294,0,0,0,0,0,0,1,0,0,0
text1295,0,0,0,0,0,0,0,0,0,0
text1296,2,3,0,0,3,0,3,0,3,3
text1297,0,0,0,0,0,0,2,0,0,1
text1298,2,1,1,1,1,2,2,2,1,2
text1299,0,0,0,0,0,0,0,0,0,0
text1300,0,1,0,0,1,1,1,1,0,1
text1301,0,0,0,0,0,0,0,0,0,0
text1302,0,0,0,0,0,0,0,0,0,2
text1303,0,0,0,0,0,0,0,0,0,1
text1304,0,1,0,0,1,0,1,0,0,1
text1305,0,0,0,0,0,0,0,0,0,0
text1306,0,0,0,0,0,0,0,0,0,0
text1307,0,0,0,0,0,0,0,0,0,0
text1308,0,1,0,0,1,0,1,0,1,1
text1309,0,0,0,0,0,0,0,0,0,0
text1310,0,0,0,0,0,0,0,0,0,0
text1311,0,0,0,0,0,0,0,0,0,0
text1312,0,0,0,0,0,0,0,0,0,0
text1313,1,1,0,0,1,2,1,2,1,1
text1314,1,0,1,0,0,1,0,1,0,0
text1315,0,0,0,0,0,0,0,0,0,0
text1316,0,0,0,0,0,0,0,0,0,0
text1317,0,0,0,0,0,0,0,0,0,0
text1318,0,0,0,0,0,0,0,0,0,0
text1319,0,1,0,0,1,0,3,0,1,2
text1320,1,1,0,0,1,1,1,1,1,1
text1321,0,0,0,0,0,0,0,0,0,0
text1322,0,2,0,0,2,0,3,0,2,1
text1323,0,1,0,0,1,0,1,0,1,1
text1324,1,1,0,0,1,1,1,1,1,1
text1325,0,0,0,0,0,0,0,0,0,0
text1326,0,1,0,0,1,0,1,0,1,1
text1327,0,0,0,0,0,1,0,1,0,0
text1328,0,0,0,0,0,0,0,0,0,0
text1329,0,0,0,0,0,0,0,0,0,0
text1330,0,0,0,0,0,0,0,0,0,0
text1331,0,0,0,0,0,0,0,0,0,0
text1332,0,1,0,0,1,0,1,0,1,1
text1333,0,0,0,0,0,0,0,0,0,0
text1334,0,0,0,0,0,0,0,0,0,0
text1335,0,0,0,0,0,0,0,0,0,0
text1336,0,0,0,0,0,0,0,0,0,0
text1337,0,0,0,0,0,0,1,0,0,0
text1338,0,0,0,0,0,0,0,0,0,0
text1339,1,1,0,0,1,1,1,1,1,1
text1340,0,0,0,0,0,0,0,0,0,0
text1341,0,0,0,0,0,0,0,0,0,0
text1342,0,0,0,0,0,0,0,0,0,0
text1343,0,0,0,0,0,0,0,0,0,0
text1344,0,0,0,0,0,0,0,0,0,0
text1345,0,0,0,0,0,0,0,0,0,0
text1346,0,0,0,0,0,0,0,0,0,2
text1347,1,1,0,0,1,2,1,1,0,1
text1348,1,0,1,1,0,1,0,1,0,0
text1349,0,0,0,0,0,0,0,0,0,0
text1350,0,0,0,0,0,0,0,0,0,0
text1351,0,0,0,0,0,0,0,0,0,0
text1352,0,1,0,0,1,0,1,0,1,0
text1353,0,0,0,0,0,0,0,0,0,0
text1354,0,1,0,0,1,0,2,0,1,2
text1355,0,1,0,0,0,0,1,0,0,0
text1356,1,0,0,1,0,0,2,0,0,2
text1357,0,1,0,0,1,1,1,1,0,1
text1358,0,0,0,0,0,0,0,0,0,0
text1359,0,0,0,0,0,0,0,0,0,0
text1360,0,0,0,0,0,0,0,0,0,0
text1361,0,0,0,0,0,0,0,0,0,0
text1362,0,0,0,0,0,0,0,0,0,0
text1363,0,0,0,0,0,0,1,0,0,0
text1364,0,0,0,0,0,0,0,0,0,0
text1365,0,0,0,0,0,0,0,0,0,0
text1366,0,0,0,0,0,0,0,0,0,0
text1367,0,1,0,0,1,0,1,0,0,1
text1368,0,0,0,0,0,0,1,0,0,0
text1369,0,0,0,0,0,0,0,0,0,0
text1370,0,0,1,0,0,1,0,0,0,0
text1371,0,0,0,0,0,0,0,0,0,0
text1372,0,0,0,0,0,0,0,0,0,0
text1373,0,2,0,1,2,1,3,1,2,1
text1374,1,0,1,0,0,1,0,1,0,0
text1375,0,0,0,0,0,0,0,0,0,0
text1376,0,0,0,0,0,0,0,0,0,0
text1377,0,0,0,0,0,0,0,0,0,0
text1378,0,0,1,0,0,1,0,0,0,0
text1379,0,0,0,0,0,0,0,0,0,0
text1380,0,0,0,0,0,0,0,0,0,0
text1381,0,0,0,0,0,0,0,0,0,0
text1382,0,2,0,0,2,0,2,0,1,2
text1383,0,0,0,0,0,0,0,0,0,0
text1384,0,0,2,0,0,2,0,0,0,0
text1385,0,0,0,0,0,0,0,0,0,1
text1386,0,0,1,0,0,1,0,0,0,1
text1387,0,0,0,0,0,0,0,0,0,0
text1388,1,2,0,0,1,1,1,1,1,1
text1389,0,0,0,0,0,0,0,0,0,0
text1390,1,1,0,0,1,1,1,1,1,1
text1391,0,0,1,0,0,1,0,0,0,0
text1392,0,1,0,0,0,0,0,0,0,0
text1393,0,0,0,0,0,1,0,0,0,0
text1394,1,3,0,0,1,0,1,0,1,1
text1395,0,0,0,0,0,0,0,0,0,0
text1396,0,0,0,0,0,0,1,0,0,0
text1397,0,1,0,0,1,0,4,0,1,2
text1398,0,0,0,0,0,0,0,0,0,0
text1399,1,1,0,0,1,1,1,1,1,1
text1400,1,1,1,0,1,1,1,1,1,1
text1401,0,1,0,0,1,0,1,0,1,1
text1402,1,0,0,0,0,1,0,0,0,0
text1403,0,1,0,0,1,0,2,0,1,2
text1404,0,0,0,0,0,0,0,0,0,0
text1405,0,0,0,0,0,0,0,0,0,0
text1406,0,0,0,0,0,0,0,0,0,0
text1407,0,0,0,0,0,0,0,0,0,0
text1408,0,0,0,0,0,0,0,0,0,0
text1409,0,0,0,1,0,0,1,0,0,0
text1410,0,1,0,0,0,0,2,0,0,0
text1411,0,0,0,0,0,0,1,0,0,1
text1412,1,1,0,0,1,1,1,1,1,1
text1413,0,0,0,0,0,0,0,0,0,0
text1414,1,2,1,0,2,2,2,1,1,2
text1415,0,0,0,0,0,2,0,0,0,0
text1416,0,1,0,0,0,1,0,0,0,0
text1417,0,0,0,0,0,0,0,0,0,1
text1418,0,0,0,0,0,0,0,0,0,0
text1419,0,1,0,0,1,0,1,0,0,1
text1420,0,0,0,0,0,0,1,0,0,1
text1421,0,0,0,0,0,0,0,0,0,0
text1422,0,0,0,0,0,0,0,0,0,0
text1423,0,0,0,0,0,0,0,0,0,0
text1424,0,1,1,0,1,1,1,0,0,0
text1425,0,0,0,0,0,0,0,0,0,0
text1426,0,0,0,0,0,0,0,0,0,0
text1427,0,1,0,0,0,0,1,0,0,1
text1428,0,0,0,0,0,0,0,0,0,0
text1429,0,0,0,0,0,0,0,0,0,0
text1430,0,0,0,0,0,0,0,0,0,0
text1431,1,0,0,0,0,1,1,0,0,2
text1432,0,0,0,0,0,0,0,0,0,1
text1433,0,0,0,0,0,0,1,0,0,0
text1434,0,0,0,0,0,0,0,0,0,0
text1435,0,0,1,0,0,1,1,0,0,0
text1436,0,1,0,0,0,1,0,0,0,0
text1437,0,0,0,0,0,0,0,0,0,0
text1438,0,1,0,0,1,0,1,0,0,1
text1439,1,1,0,0,1,2,1,1,1,1
text1440,0,0,0,0,0,0,0,0,0,0
text1441,0,0,1,0,0,1,0,0,0,0
text1442,0,0,0,0,0,0,0,0,0,0
text1443,0,1,0,0,1,0,1,0,0,1
text1444,0,0,0,0,0,0,0,0,0,0
text1445,0,1,0,0,1,2,2,0,0,2
text1446,1,0,0,1,0,0,2,0,0,3
text1447,0,0,0,0,0,0,0,0,0,0
text1448,0,0,0,0,0,0,0,0,0,0
text1449,0,0,1,0,0,1,0,0,0,0
text1450,0,0,0,0,0,0,0,0,0,0
text1451,0,0,0,0,0,0,0,0,0,0
text1452,0,0,0,0,0,0,0,0,0,0
text1453,0,0,0,0,0,0,0,0,0,0
text1454,0,0,1,0,0,1,0,0,0,0
text1455,0,0,0,0,0,0,0,0,0,0
text1456,0,0,0,0,0,0,1,0,0,1
text1457,0,0,0,0,0,0,1,0,0,1
text1458,0,0,0,0,1,0,1,0,0,0
text1459,1,1,0,0,1,1,1,1,1,1
text1460,1,4,0,0,4,2,5,1,3,3
text1461,0,0,0,0,0,0,0,0,0,0
text1462,0,0,0,1,0,2,0,1,0,0
text1463,0,0,0,0,0,1,0,0,0,0
text1464,0,0,0,0,0,0,0,0,0,0
text1465,0,0,0,0,0,0,0,0,0,0
text1466,0,0,0,0,0,0,0,0,0,0
text1467,0,0,0,1,0,1,0,1,0,0
text1468,1,1,0,0,1,1,1,0,1,2
text1469,0,0,1,0,0,1,0,0,0,0
text1470,0,0,0,1,0,1,0,1,0,0
text1471,0,0,2,0,0,2,1,0,0,1
text1472,0,0,0,0,0,0,0,0,0,0
text1473,0,0,0,0,0,0,0,0,0,0
text1474,0,0,1,0,0,1,0,0,0,0
text1475,0,0,0,0,0,0,1,0,0,1
text1476,0,0,0,0,0,0,0,0,0,0
text1477,0,1,0,0,1,0,1,0,0,1
text1478,0,0,0,0,0,0,0,0,0,0
text1479,0,0,0,0,0,0,0,0,0,0
text1480,1,2,0,0,1,2,2,1,1,2
text1481,0,0,0,0,0,0,1,0,0,1
text1482,1,1,0,0,1,1,1,1,1,1
text1483,0,0,0,0,0,0,0,0,0,0
text1484,0,0,0,0,0,0,0,0,0,0
text1485,0,0,0,0,0,0,1,0,0,1
text1486,0,0,0,0,0,0,0,0,0,0
text1487,0,1,0,0,1,0,2,0,1,1
text1488,0,0,0,0,0,0,0,0,0,0
text1489,0,1,0,0,0,0,0,0,0,0
text1490,0,0,0,0,0,0,0,0,0,0
text1491,0,0,0,0,0,0,0,0,0,0
text1492,0,0,0,0,0,0,0,0,0,0
text1493,0,0,0,0,0,0,0,0,0,0
text1494,0,0,0,0,0,0,0,0,0,0
text1495,1,1,0,0,1,1,1,1,1,1
text1496,1,2,0,0,2,1,3,0,2,5
text1497,1,1,0,0,1,1,1,1,1,1
text1498,0,0,0,0,0,0,0,0,0,0
text1499,1,2,0,2,2,2,2,2,1,1
text1500,0,0,0,0,0,0,2,0,0,0
text1501,0,0,0,0,0,0,0,0,0,0
text1502,0,0,0,0,0,0,0,0,0,1
text1503,1,0,1,1,0,1,0,1,0,0
text1504,0,0,0,0,0,0,0,0,0,0
text1505,0,0,0,0,0,0,0,0,0,0
text1506,1,0,1,1,0,1,0,1,0,0
text1507,0,0,0,0,0,0,0,0,0,0
text1508,0,0,0,0,0,0,0,0,0,0
text1509,0,0,0,0,0,0,0,0,0,0
text1510,0,0,0,0,0,0,0,0,0,0
text1511,0,0,0,0,0,0,0,0,0,0
text1512,0,0,0,0,0,0,1,0,0,0
text1513,1,1,0,0,1,1,1,2,1,1
text1514,0,0,0,0,0,1,0,1,0,0
text1515,0,0,0,0,0,1,0,0,0,0
text1516,2,3,0,0,3,2,3,2,3,3
text1517,0,0,0,0,0,0,0,0,0,0
text1518,1,1,0,0,1,1,1,1,1,2
text1519,0,0,0,0,0,0,0,0,0,0
text1520,0,0,0,0,0,0,0,0,0,0
text1521,0,0,0,0,0,0,0,0,0,0
text1522,1,1,0,0,1,1,1,1,1,1
text1523,1,1,0,0,1,1,1,1,1,1
text1524,0,0,0,0,0,0,0,0,0,0
text1525,0,0,0,0,0,0,0,0,0,0
text1526,0,0,0,0,0,0,0,0,0,0
text1527,0,1,0,1,0,0,0,0,0,0
text1528,0,0,0,0,0,0,0,0,0,0
text1529,0,0,0,0,0,0,0,0,0,0
text1530,1,1,0,0,2,1,3,1,1,3
text1531,0,0,0,0,0,0,0,0,0,0
text1532,0,0,0,0,0,0,0,0,0,0
text1533,0,1,0,0,1,0,2,0,1,2
text1534,0,0,0,0,0,0,0,0,0,0
text1535,0,0,0,0,0,0,0,0,0,0
text1536,0,0,0,0,0,0,0,0,0,0
text1537,0,0,0,0,0,0,0,0,0,0
text1538,0,0,0,0,0,0,0,0,0,0
text1539,0,0,0,0,0,0,0,0,0,0
text1540,0,0,0,0,0,0,0,0,0,0
text1541,1,2,0,0,2,2,2,2,2,2
text1542,0,0,0,0,0,0,0,0,0,0
text1543,2,1,0,0,1,2,1,1,1,1
text1544,0,0,0,0,0,0,0,1,0,0
text1545,0,0,0,0,0,0,0,0,0,0
text1546,0,0,0,0,0,0,0,0,0,0
text1547,0,0,0,0,0,0,2,0,0,1
text1548,0,0,0,0,0,0,0,0,0,0
text1549,0,0,0,0,0,0,0,0,0,0
text1550,0,0,0,0,0,0,0,0,0,0
text1551,0,0,0,0,0,0,0,0,0,0
text1552,0,0,0,0,0,0,0,0,0,0
text1553,0,0,0,0,0,0,0,0,0,0
text1554,0,0,0,0,0,0,0,0,0,0
text1555,0,0,0,0,0,0,0,0,0,0
text1556,0,2,0,0,1,0,2,0,0,3
text1557,1,0,0,0,0,1,0,0,0,0
text1558,0,0,0,0,0,0,0,0,0,0
text1559,1,1,0,0,1,1,1,1,1,1
text1560,0,0,0,0,0,0,0,0,0,0
text1561,0,0,0,0,0,0,0,0,0,0
text1562,0,0,0,0,0,0,0,0,0,0
text1563,0,0,0,0,0,1,0,1,0,0
text1564,0,0,0,0,1,0,1,0,0,0
text1565,2,2,0,0,2,2,2,2,2,2
text1566,0,0,0,0,0,0,0,0,0,0
text1567,0,0,0,0,0,0,0,0,0,0
text1568,0,2,0,0,2,0,2,0,2,1
text1569,0,0,0,0,0,0,0,0,0,0
text1570,0,0,0,0,0,0,0,0,0,0
text1571,0,3,0,0,1,0,3,0,0,0
text1572,0,0,0,0,0,0,0,0,0,0
text1573,0,0,0,0,0,0,0,0,0,0
text1574,0,0,0,0,0,0,0,0,0,0
text1575,0,1,0,0,0,3,1,3,0,0
text1576,0,0,0,0,0,0,0,0,0,0
text1577,0,0,0,0,0,0,1,0,0,1
text1578,0,0,0,0,1,0,1,0,0,1
text1579,0,0,0,0,0,0,0,0,0,0
text1580,0,0,0,0,0,0,0,0,0,0
text1581,0,0,0,0,0,0,0,0,0,0
text1582,1,1,0,0,1,1,1,1,1,1
text1583,0,0,0,0,0,0,0,0,0,0
text1584,0,0,0,0,0,0,0,0,0,0
text1585,0,0,0,0,0,0,0,0,0,0
text1586,1,2,0,0,1,1,2,1,1,1
text1587,1,0,0,0,0,1,0,0,0,0
text1588,0,0,0,0,0,0,0,0,0,0
text1589,1,0,0,0,0,1,0,0,0,0
text1590,1,0,0,0,0,1,0,0,0,0
text1591,0,1,0,0,1,1,1,1,0,1
text1592,0,0,0,0,0,0,0,0,0,0
text1593,0,1,0,0,0,0,0,0,0,0
text1594,0,0,0,0,0,1,0,0,0,0
text1595,0,0,0,0,0,0,0,0,0,0
text1596,1,1,0,0,1,1,1,1,1,1
text1597,1,1,0,0,1,1,1,2,1,1
text1598,0,0,0,0,0,0,0,0,0,0
text1599,0,0,0,0,0,0,0,0,0,0
text1600,1,1,0,0,1,1,1,1,1,2
text1601,0,0,0,0,0,0,0,0,0,0
text1602,1,1,0,0,1,1,1,2,1,1
text1603,1,1,0,0,1,1,1,1,1,1
text1604,1,0,0,0,0,1,0,0,0,0
text1605,1,1,0,0,1,1,1,1,1,1
text1606,1,2,0,0,3,1,3,1,1,2
text1607,0,0,0,0,0,0,0,0,0,0
text1608,1,1,0,0,1,1,2,0,0,0
text1609,0,0,0,0,0,0,0,0,0,0
text1610,2,1,0,0,1,5,1,4,1,1
text1611,0,0,0,0,0,0,0,0,0,0
text1612,0,0,0,0,0,0,0,0,0,0
text1613,1,1,0,0,1,1,1,1,1,1
text1614,0,0,0,0,0,1,0,0,0,0
text1615,0,0,0,0,0,0,0,0,0,0
text1616,0,0,0,0,0,0,0,0,0,0
text1617,0,0,0,0,0,0,0,0,0,0
text1618,0,0,0,0,0,0,2,0,0,0
text1619,1,1,0,0,1,1,1,1,1,1
text1620,0,0,0,1,0,1,1,1,0,1
text1621,2,4,0,0,4,2,4,2,4,3
text1622,0,0,0,0,0,0,0,0,0,0
text1623,0,0,0,0,0,0,0,0,0,0
text1624,1,1,0,0,1,1,1,1,1,1
text1625,0,0,0,0,0,0,0,0,0,0
text1626,1,0,1,1,0,1,0,1,0,0
text1627,0,0,0,0,0,0,0,0,0,0
text1628,1,1,0,0,1,1,1,1,1,1
text1629,0,0,0,0,0,0,0,0,0,0
text1630,0,0,0,0,0,0,0,0,0,0
text1631,0,0,0,0,0,0,0,0,0,0
text1632,0,0,0,0,0,0,0,0,0,0
text1633,1,1,0,0,1,1,1,1,1,1
text1634,0,0,0,0,0,0,1,0,0,0
text1635,1,1,0,0,1,1,1,1,1,2
text1636,0,0,0,0,0,0,0,0,0,0
text1637,0,0,0,0,0,0,0,0,0,0
text1638,0,0,0,0,0,0,0,0,0,0
text1639,0,0,0,0,0,0,0,0,0,0
text1640,0,0,0,0,0,1,0,0,0,0
text1641,0,0,0,0,0,0,0,0,0,0
text1642,1,1,0,0,1,0,1,0,1,2
text1643,0,0,0,0,0,0,0,0,0,0
text1644,0,0,0,0,0,0,0,0,0,0
text1645,0,0,0,0,0,0,0,0,0,0
text1646,1,1,0,0,1,1,1,1,1,1
text1647,0,1,0,0,1,0,1,0,1,1
text1648,0,0,0,0,0,0,0,0,0,0
text1649,0,0,0,0,0,0,0,0,0,1
text1650,0,0,0,0,0,0,0,0,0,0
text1651,3,1,1,1,1,4,1,3,1,1
text1652,1,1,0,0,1,1,1,1,1,1
text1653,0,0,0,0,0,0,0,0,0,0
text1654,0,1,0,0,1,0,2,0,0,1
text1655,0,2,0,0,2,0,2,0,2,3
text1656,0,0,0,0,0,0,0,0,0,0
text1657,0,0,0,0,0,0,0,0,0,0
text1658,0,0,0,0,1,0,1,0,1,1
text1659,0,0,0,0,0,0,1,0,0,0
text1660,0,0,0,0,0,0,0,0,0,0
text1661,0,0,0,0,0,0,0,0,0,0
text1662,0,0,0,0,0,0,0,0,0,0
text1663,0,0,0,0,1,0,2,0,0,1
text1664,0,0,0,0,1,0,1,0,0,1
text1665,1,1,0,0,2,1,2,1,1,2
text1666,0,0,0,0,0,0,0,0,0,0
text1667,0,0,0,0,0,1,0,0,0,0
text1668,1,1,0,0,1,1,1,1,1,1
text1669,1,3,0,0,1,1,5,1,1,2
text1670,1,1,1,1,0,1,2,1,0,1
text1671,0,0,0,0,0,0,0,0,0,0
text1672,0,0,0,0,0,1,1,1,1,0
text1673,0,0,0,0,0,0,1,0,0,1
text1674,1,2,0,0,1,1,2,1,1,2
text1675,1,2,0,0,1,1,3,1,1,2
text1676,1,1,0,0,0,1,0,0,0,1
text1677,2,2,0,0,2,2,3,2,2,4
text1678,0,0,0,0,0,0,0,0,0,0
text1679,1,2,0,0,1,1,1,1,1,1
text1680,0,0,0,0,0,0,1,0,0,0
text1681,3,3,0,0,3,4,3,3,3,3
text1682,1,1,0,0,1,2,1,1,1,1
text1683,0,0,0,0,0,0,2,0,0,2
text1684,0,0,0,0,0,0,0,0,0,0
text1685,0,0,0,0,0,0,0,0,0,0
text1686,0,1,0,0,0,0,1,0,0,0
text1687,0,0,0,0,0,0,0,0,0,0
text1688,0,0,0,0,0,0,0,0,0,0
text1689,0,0,0,0,0,0,0,0,0,0
text1690,0,0,0,0,0,0,0,0,0,1
text1691,0,0,0,0,0,0,0,0,0,0
text1692,0,0,0,0,0,0,0,0,0,0
text1693,0,0,0,0,1,0,2,0,0,2
text1694,0,0,0,0,0,0,0,0,0,0
text1695,0,0,0,0,0,0,0,0,0,0
text1696,0,0,0,0,0,0,0,0,0,0
text1697,0,0,0,0,0,0,0,0,0,0
text1698,0,1,0,0,1,0,1,0,1,1
text1699,0,0,0,0,0,0,0,0,0,0
text1700,1,1,0,0,1,1,1,1,2,1
text1701,0,0,0,0,0,0,0,0,0,0
text1702,0,0,0,0,0,0,0,0,0,0
text1703,0,0,0,0,0,0,0,0,0,0
text1704,1,2,0,0,2,1,5,1,2,3
text1705,0,0,0,0,0,0,0,0,0,0
text1706,0,0,0,0,0,0,0,0,1,0
text1707,0,0,0,0,0,0,0,0,0,0
text1708,0,1,0,0,1,2,2,1,1,1
text1709,0,1,0,0,1,0,1,0,1,1
text1710,0,1,0,0,0,0,1,0,0,0
text1711,0,0,0,0,0,0,0,0,0,0
text1712,1,1,0,0,1,1,2,0,0,0
text1713,0,0,0,0,0,0,0,0,0,0
text1714,1,2,0,0,2,0,2,0,1,2
text1715,0,1,0,0,0,0,1,0,0,0
text1716,1,1,0,0,1,1,1,1,2,1
text1717,2,2,0,0,1,3,1,2,1,2
text1718,0,0,0,0,0,0,0,0,0,0
text1719,0,0,0,0,0,0,0,0,0,0
text1720,0,0,0,0,0,0,0,0,0,0
text1721,0,0,0,0,0,0,0,0,0,0
text1722,0,1,0,0,0,0,0,0,0,0
text1723,0,0,0,0,0,0,0,0,0,0
text1724,1,1,0,2,1,0,4,0,1,2
text1725,0,0,0,0,0,0,0,0,0,0
text1726,0,0,0,0,0,0,0,0,0,0
text1727,1,0,0,1,0,0,4,0,0,2
text1728,0,0,0,0,0,0,0,0,0,0
text1729,0,0,0,1,0,1,0,1,0,0
text1730,1,0,1,0,0,1,0,1,0,0
text1731,1,0,1,0,0,1,0,1,0,0
text1732,0,0,0,1,0,1,0,1,0,0
text1733,0,0,0,0,0,0,0,0,0,0
text1734,0,0,0,0,0,0,0,0,0,0
text1735,0,0,0,1,0,1,0,1,0,0
text1736,1,0,1,0,0,1,0,1,0,0
text1737,0,0,0,0,0,0,0,0,1,0
text1738,0,0,0,0,0,0,0,0,0,0
text1739,2,1,1,1,2,2,2,2,1,2
text1740,1,1,0,0,1,1,1,1,1,1
text1741,1,1,0,0,1,1,1,1,1,1
text1742,0,0,0,0,0,0,0,0,0,0
text1743,0,0,0,0,0,0,0,0,0,0
text1744,1,1,0,0,1,1,2,1,1,1
text1745,0,0,0,0,0,0,0,0,0,0
text1746,0,0,0,0,0,0,0,0,0,0
text1747,2,2,0,0,2,2,2,2,3,2
text1748,0,1,0,0,1,1,1,0,0,1
text1749,0,0,0,0,0,0,0,0,0,0
text1750,0,0,0,0,0,0,0,0,0,0
text1751,0,0,0,0,0,0,0,0,0,0
text1752,0,0,0,0,0,0,0,0,0,0
text1753,0,0,0,0,0,0,1,0,0,0
text1754,0,0,0,0,0,0,0,0,0,0
text1755,1,0,0,0,0,1,0,0,0,0
text1756,0,0,0,0,0,0,0,0,0,0
text1757,0,0,0,0,0,0,0,0,0,0
text1758,0,0,0,2,0,2,0,2,0,0
text1759,0,0,0,0,0,0,0,0,0,0
text1760,1,0,1,1,0,1,0,2,0,0
text1761,0,0,0,0,0,0,0,0,0,0
text1762,0,0,0,0,0,0,0,0,0,0
text1763,0,0,0,0,0,0,0,0,0,0
text1764,0,0,0,0,0,0,0,0,0,1
text1765,0,1,0,0,0,1,0,0,0,1
text1766,0,0,0,0,0,0,0,0,0,0
text1767,0,0,0,0,0,0,0,0,0,0
text1768,0,0,0,0,0,0,0,0,0,0
text1769,0,0,0,0,1,0,1,0,0,0
text1770,0,0,0,0,0,0,0,0,0,0
text1771,0,0,0,0,0,0,0,0,0,0
text1772,0,0,0,0,0,0,0,0,0,0
text1773,0,0,0,0,0,0,0,0,0,0
text1774,0,1,0,0,1,0,1,0,0,1
text1775,1,1,0,0,1,1,1,1,1,2
text1776,1,1,0,0,1,2,1,1,1,1
text1777,0,3,0,0,2,0,3,0,0,1
text1778,0,0,0,0,0,0,0,0,0,0
text1779,0,0,0,0,0,0,0,0,0,0
text1780,0,0,0,0,0,0,0,0,0,0
text1781,0,0,0,0,0,0,0,0,0,0
text1782,0,0,0,0,0,1,0,0,0,0
text1783,0,0,0,0,0,0,0,0,0,0
text1784,0,0,0,0,0,0,2,0,0,0
text1785,2,0,2,1,0,5,0,2,0,0
text1786,0,0,0,0,0,0,0,0,0,0
text1787,1,0,0,1,0,1,0,1,5,0
text1788,0,0,0,0,0,0,1,0,0,0
text1789,0,0,0,0,0,0,0,0,0,0
text1790,0,0,0,0,0,0,0,0,0,0
text1791,4,4,1,1,3,4,4,4,3,4
text1792,0,2,0,0,2,0,2,0,0,2
text1793,0,0,0,0,0,0,2,0,0,0
text1794,0,0,0,0,0,0,0,0,0,0
text1795,0,0,0,0,0,0,0,0,0,0
text1796,0,0,0,0,0,0,0,0,0,0
text1797,0,0,0,0,0,0,0,0,0,0
text1798,0,0,0,0,1,0,1,0,0,1
text1799,0,0,0,0,0,0,0,0,0,0
text1800,0,0,1,0,1,2,1,1,1,0
text1801,0,0,0,0,0,0,0,0,0,0
text1802,0,0,0,0,0,0,1,0,0,0
text1803,2,2,0,0,2,2,3,2,2,2
text1804,0,0,0,0,0,0,0,0,0,0
text1805,0,1,0,0,1,0,2,0,0,1
text1806,1,1,0,0,1,1,1,1,1,1
text1807,0,0,0,0,0,0,0,0,0,0
text1808,0,0,0,0,0,0,0,0,0,1
text1809,0,0,0,0,0,0,0,0,0,0
text1810,0,0,0,0,0,0,0,0,0,1
text1811,0,0,0,0,0,0,0,0,0,0
text1812,0,0,0,0,0,0,0,0,0,0
text1813,0,0,0,0,0,0,0,0,0,0
text1814,0,0,0,0,0,0,0,0,0,0
text1815,0,0,0,0,0,0,0,0,0,0
text1816,1,1,0,0,1,1,2,1,1,1
text1817,0,0,0,0,0,0,0,0,0,0
text1818,0,0,0,0,0,0,0,0,2,0
text1819,1,0,0,0,0,1,0,0,0,0
text1820,0,0,0,0,0,0,1,0,0,1
text1821,1,0,0,0,0,1,1,0,0,1
text1822,0,0,0,0,0,0,0,0,0,0
text1823,2,0,2,1,0,2,1,2,2,0
text1824,0,0,0,0,0,0,0,0,3,0
text1825,0,0,0,0,0,0,0,0,4,0
text1826,4,1,3,3,1,4,1,4,1,1
text1827,0,2,0,0,2,1,3,0,2,0
text1828,1,0,1,1,0,1,0,1,1,0
text1829,0,0,0,0,0,0,0,0,0,0
text1830,2,2,0,0,2,2,2,2,2,2
text1831,0,1,0,0,1,0,1,0,0,1
text1832,0,0,0,0,0,0,0,0,0,0
text1833,1,0,0,0,0,1,1,0,0,0
text1834,0,0,0,0,0,0,0,0,0,0
text1835,0,0,0,0,0,1,0,0,0,0
text1836,3,3,0,0,3,4,4,3,3,3
text1837,2,1,0,0,0,2,0,0,0,0
text1838,0,0,0,0,0,0,1,0,0,1
text1839,0,0,0,0,0,0,0,0,0,0
text1840,2,1,0,1,1,2,2,1,1,1
text1841,1,2,0,1,1,1,1,1,1,0
text1842,0,0,0,1,0,1,1,1,0,1
text1843,1,1,0,0,1,1,1,0,0,1
text1844,0,1,0,0,1,0,1,0,0,1
text1845,1,0,0,0,0,1,0,0,1,0
text1846,0,1,0,0,1,1,1,1,1,1
text1847,0,0,0,0,0,0,0,0,0,0
text1848,0,0,0,0,0,0,1,0,0,0
text1849,1,1,0,0,1,3,1,3,2,1
text1850,0,0,0,0,0,0,0,0,0,0
text1851,0,0,0,0,0,0,0,0,0,0
text1852,0,0,0,0,0,0,0,0,0,0
text1853,0,1,0,0,1,0,1,0,1,1
text1854,0,0,0,0,0,0,0,0,0,0
text1855,0,0,0,0,0,0,0,0,0,0
text1856,0,0,0,0,0,0,0,0,0,0
text1857,0,0,0,0,0,0,0,0,0,0
text1858,0,0,0,0,0,0,1,0,0,0
text1859,1,0,0,0,0,2,0,0,0,0
text1860,0,0,0,0,0,0,0,0,0,0
text1861,1,0,0,0,1,1,1,0,0,0
text1862,3,2,0,0,2,3,2,2,2,2
text1863,0,0,0,0,0,0,0,0,0,0
text1864,4,2,0,0,2,4,2,2,2,2
text1865,0,1,0,1,1,0,2,0,1,1
text1866,1,1,0,0,0,1,3,0,1,2
text1867,0,0,0,0,0,0,0,0,0,0
text1868,1,0,1,0,0,1,1,1,0,1
text1869,0,2,1,0,1,1,3,0,0,0
text1870,0,0,0,0,0,0,0,0,0,0
text1871,0,0,0,0,0,0,0,0,0,0
text1872,1,0,1,1,0,1,1,1,0,0
text1873,1,1,0,0,1,1,1,1,1,1
text1874,1,1,0,0,1,1,1,1,1,1
text1875,0,1,0,0,1,0,2,0,0,0
text1876,0,0,0,0,0,0,0,0,0,0
text1877,0,1,0,0,0,1,0,1,0,1
text1878,0,0,0,0,0,0,0,0,1,0
text1879,0,0,0,0,0,1,0,0,0,0
text1880,1,0,1,0,0,1,0,1,0,0
text1881,0,0,0,0,0,0,0,0,0,0
text1882,0,0,0,0,0,0,0,0,0,0
text1883,0,0,0,0,0,0,0,0,0,0
text1884,0,0,0,0,0,0,0,0,0,0
text1885,0,0,0,0,0,0,0,0,0,0
text1886,0,0,0,1,0,1,0,1,0,0
text1887,0,1,0,0,0,0,0,0,0,0
text1888,0,0,0,0,0,0,1,0,0,2
text1889,0,0,0,0,0,0,2,0,0,2
text1890,0,0,0,0,0,0,1,0,0,1
text1891,0,0,0,0,0,0,1,0,0,0
text1892,1,1,0,0,1,1,1,1,1,1
text1893,1,1,0,0,1,1,1,1,1,1
text1894,0,0,0,0,0,0,0,0,0,0
text1895,0,0,0,0,0,0,0,0,0,0
text1896,0,0,0,0,0,0,0,0,0,0
text1897,0,0,0,0,0,0,0,0,0,1
text1898,0,1,0,0,1,0,1,0,0,1
text1899,0,0,0,1,0,1,0,1,0,0
text1900,0,2,0,0,1,0,1,0,1,1
